query	read_type	read_len	align_len	unalign_len	matches	mismatches	insertions	deletions	tot_errors
channel_442_read_14	14	6125	6034	5186	4934	485	706	615	1806
channel_138_read_216	216	10367	10136	6	8916	488	963	732	2183
channel_381_read_34	34	1584	1522	17	1309	91	184	122	397
channel_311_read_65	65	2865	2794	2451	2302	199	364	293	856
channel_505_read_288	288	3501	3785	1345	2799	319	383	667	1369
channel_230_read_50	50	6664	6424	64	5667	356	641	401	1398
channel_475_read_81	81	1708	1606	73	1341	106	261	159	526
channel_258_read_67	67	1655	2024	7229	1388	158	109	478	745
channel_154_read_32	32	1243	1263	1480	983	106	154	174	434
channel_490_read_136	136	395	349	5718	287	37	71	25	133
channel_464_read_271	271	4560	4517	2680	3895	255	410	367	1032
channel_475_read_157	157	1675	1615	1836	1410	77	188	128	393
channel_10_read_242	242	2983	2984	0	2505	199	279	280	758
channel_258_read_47	47	2887	3091	771	2391	216	280	484	980
channel_138_read_219	219	5012	4821	83	4220	259	533	342	1134
channel_421_read_68	68	6522	6952	24	5658	442	422	852	1716
channel_466_read_70	70	8021	7700	23	6724	431	866	545	1842
channel_282_read_133	133	2988	3004	27	2572	175	241	257	673
channel_284_read_83	83	1121	1053	1289	896	68	157	89	314
channel_372_read_55	55	4281	4058	1	3668	175	438	215	828
channel_391_read_176	176	4754	4597	5	3662	446	646	489	1581
channel_466_read_79	79	1067	1087	900	855	87	125	145	357
channel_406_read_123	123	5877	5854	2652	4840	451	586	563	1600
channel_146_read_55	55	850	813	12739	675	55	120	83	258
channel_48_read_41	41	9398	8891	116	7322	812	1264	757	2833
channel_46_read_42	42	4033	3911	342	3223	335	475	353	1163
channel_387_read_137	137	308	289	11182	233	16	59	40	115
channel_27_read_36	36	3473	3536	5084	2992	221	260	323	804
channel_195_read_192	192	10540	10226	7	8861	582	1097	783	2462
channel_195_read_194	194	6468	6281	26	5436	383	649	462	1494
channel_387_read_130	130	1122	1144	95	944	69	109	131	309
channel_341_read_48	48	865	886	7158	668	94	103	124	321
channel_390_read_106	106	1354	1336	6	1189	59	106	88	253
channel_327_read_161	161	220	248	1946	185	18	17	45	80
channel_315_read_4	4	361	346	4169	264	40	57	42	139
channel_132_read_61	61	1618	1915	35	1425	111	82	379	572
channel_46_read_235	235	2897	2959	1792	2470	162	265	327	754
channel_193_read_140	140	1680	1672	728	1394	121	165	157	443
channel_495_read_2	2	1919	1872	200	1596	129	194	147	470
channel_160_read_29	29	10154	10297	3126	8479	742	933	1076	2751
channel_354_read_198	198	1418	1237	8511	1003	137	278	97	512
channel_415_read_13	13	1643	1621	1256	1309	127	207	185	519
channel_35_read_26	26	5692	5477	480	4724	349	619	404	1372
channel_12_read_177	177	575	626	1544	461	68	46	97	211
channel_275_read_140	140	1374	1274	706	1060	108	206	106	420
channel_195_read_173	173	3226	3210	1084	2657	250	319	303	872
channel_295_read_80	80	171	195	2887	142	17	12	36	65
channel_506_read_71	71	4535	4523	5165	4018	211	306	294	811
channel_239_read_118	118	4072	4219	1663	3216	431	425	572	1428
channel_314_read_92	92	2194	2237	605	1805	188	201	244	633
channel_471_read_128	128	3024	2954	25	2597	155	272	202	629
channel_195_read_276	276	1573	1526	23	1325	96	152	105	353
channel_34_read_147	147	3376	3325	168	2793	236	347	296	879
channel_304_read_35	35	7457	7322	6772	6332	408	717	582	1707
channel_304_read_32	32	4523	4672	1049	3819	336	368	517	1221
channel_381_read_82	82	10102	9919	10	8900	439	763	580	1782
channel_507_read_147	147	5856	5723	68	5060	282	514	381	1177
channel_314_read_218	218	10358	9764	34	8827	435	1096	502	2033
channel_155_read_107	107	1740	1782	291	1384	162	194	236	592
channel_507_read_143	143	4126	3836	43	3368	255	503	213	971
channel_391_read_14	14	14714	15531	173	12899	946	869	1686	3501
channel_482_read_134	134	10809	10534	144	8989	699	1121	846	2666
channel_487_read_58	58	5715	5645	23	4794	399	522	452	1373
channel_432_read_31	31	262	258	8494	196	36	30	26	92
channel_482_read_133	133	5836	5719	9	5171	240	425	308	973
channel_157_read_16	16	87	94	11419	75	4	8	15	27
channel_139_read_157	157	9827	9343	34	8331	448	1048	564	2060
channel_195_read_288	288	3780	3842	1368	3214	254	312	374	940
channel_387_read_65	65	7891	8846	450	6705	645	541	1496	2682
channel_139_read_154	154	4277	3906	34	3402	247	628	257	1132
channel_258_read_13	13	242	206	6832	172	18	52	16	86
channel_129_read_91	91	433	402	2016	326	37	70	39	146
channel_270_read_143	143	2476	2462	65	2055	184	237	223	644
channel_373_read_90	90	1462	1498	3461	1135	137	190	226	553
channel_206_read_8	8	8041	8100	5	6682	567	792	851	2210
channel_3_read_119	119	5515	5477	65	4617	368	530	492	1390
channel_354_read_232	232	3957	3856	36	3454	164	339	238	741
channel_315_read_22	22	1054	1384	3080	935	72	47	377	496
channel_311_read_19	19	2405	2472	68	2018	183	204	271	658
channel_374_read_124	124	748	730	2910	569	66	113	95	274
channel_12_read_84	84	2160	2199	512	1723	193	244	283	720
channel_387_read_262	262	2002	1950	500	1658	121	223	171	515
channel_195_read_306	306	3741	3562	10	3172	172	397	218	787
channel_277_read_37	37	4738	4647	436	4110	224	404	313	941
channel_480_read_217	217	858	864	4517	661	96	101	107	304
channel_510_read_127	127	8190	8367	4944	6931	577	682	859	2118
channel_306_read_55	55	6387	6337	35	5543	318	526	476	1320
channel_317_read_167	167	59	55	4875	51	2	6	2	10
channel_398_read_85	85	329	340	5141	264	26	39	50	115
channel_155_read_64	64	3240	3059	106	2726	153	361	180	694
channel_400_read_332	332	3547	3510	30	2967	227	353	316	896
channel_445_read_18	18	5266	5592	2166	4625	331	310	636	1277
channel_323_read_112	112	3759	4080	1325	3267	237	255	576	1068
channel_400_read_336	336	4470	4256	56	3746	230	494	280	1004
channel_415_read_62	62	4622	4351	75	3811	262	549	278	1089
channel_34_read_153	153	3024	2840	26	2550	146	328	144	618
channel_338_read_180	180	7628	7191	9	6353	368	907	470	1745
channel_297_read_153	153	622	646	56	533	44	45	69	158
channel_472_read_157	157	1487	1569	2477	1212	131	144	226	501
channel_112_read_108	108	3564	3425	3260	2679	372	513	374	1259
channel_138_read_135	135	3826	3667	820	3118	258	450	291	999
channel_419_read_157	157	1724	1927	221	1522	118	84	287	489
channel_377_read_15	15	4474	4479	2562	3746	297	431	436	1164
channel_482_read_75	75	5113	4757	3182	4111	322	680	324	1326
channel_268_read_231	231	5448	5352	4988	4610	310	528	432	1270
channel_403_read_3	3	4010	4159	612	3316	349	345	494	1188
channel_394_read_162	162	1898	1928	14	1548	150	200	230	580
channel_382_read_66	66	1598	1510	104	1284	102	212	124	438
channel_286_read_77	77	2325	2295	123	1999	114	212	182	508
channel_70_read_8	8	3941	3973	556	3293	300	348	380	1028
channel_416_read_49	49	941	938	1604	768	83	90	87	260
channel_351_read_36	36	7788	7502	132	6416	500	872	586	1958
channel_476_read_84	84	7948	7979	44	6817	425	706	737	1868
channel_445_read_83	83	2100	2106	1090	1734	167	199	205	571
channel_356_read_29	29	2782	2681	317	2235	184	363	262	809
channel_467_read_97	97	2292	2173	108	1908	135	249	130	514
channel_42_read_88	88	1049	1099	6679	819	90	140	190	420
channel_461_read_215	215	3315	3211	1287	2743	213	359	255	827
channel_402_read_65	65	4526	4715	43	3956	241	329	518	1088
channel_451_read_254	254	5282	5129	11	4493	271	518	365	1154
channel_451_read_257	257	1998	1984	60	1692	115	191	177	483
channel_18_read_205	205	2709	2899	218	2320	201	188	378	767
channel_156_read_183	183	5690	5458	38	4755	318	617	385	1320
channel_351_read_17	17	5551	5267	265	4486	389	676	392	1457
channel_434_read_37	37	4015	3914	188	3369	267	379	278	924
channel_370_read_177	177	5994	5744	30	5170	225	599	349	1173
channel_156_read_187	187	2113	2089	743	1706	172	235	211	618
channel_283_read_6	6	3977	4105	7991	3350	304	323	451	1078
channel_435_read_31	31	9527	9171	351	7911	581	1035	679	2295
channel_473_read_208	208	3042	3083	332	2393	285	364	405	1054
channel_255_read_11	11	269	326	5250	229	25	15	72	112
channel_308_read_125	125	793	969	4402	668	77	48	224	349
channel_394_read_186	186	322	360	2350	265	27	30	68	125
channel_154_read_126	126	2476	2321	35	2063	126	287	132	545
channel_434_read_100	100	1471	1429	25	1265	65	141	99	305
channel_311_read_174	174	9679	9290	2	7995	580	1104	715	2399
channel_397_read_38	38	1803	1839	820	1427	188	188	224	600
channel_471_read_57	57	2618	2616	5462	2122	228	268	266	762
channel_148_read_133	133	7170	6758	20	5778	477	915	503	1895
channel_148_read_132	132	2584	2482	16	2207	119	258	156	533
channel_226_read_141	141	3082	3099	6780	2517	241	324	341	906
channel_386_read_24	24	3148	3229	36	2746	170	232	313	715
channel_112_read_90	90	3807	3959	5990	3053	337	417	569	1323
channel_274_read_8	8	6383	6250	2728	5374	355	654	521	1530
channel_496_read_27	27	4712	4612	81	3970	264	478	378	1120
channel_472_read_252	252	1832	1795	4	1574	89	169	132	390
channel_421_read_57	57	380	409	11787	295	49	36	65	150
channel_253_read_28	28	7189	6893	94	5971	421	797	501	1719
channel_491_read_222	222	3827	3744	1198	3316	182	329	246	757
channel_491_read_224	224	5745	5467	3074	4923	258	564	286	1108
channel_365_read_21	21	1891	1890	2934	1553	146	192	191	529
channel_55_read_217	217	2271	2238	77	1939	127	205	172	504
channel_282_read_23	23	9020	8875	1661	7163	779	1078	933	2790
channel_195_read_243	243	3495	3439	13	2913	234	348	292	874
channel_309_read_97	97	7834	7649	7436	6264	533	1037	852	2422
channel_314_read_94	94	4868	4628	40	4207	181	480	240	901
channel_378_read_47	47	6245	6127	3659	5481	291	473	355	1119
channel_309_read_92	92	2410	2375	6831	1884	230	296	261	787
channel_445_read_203	203	94	90	17513	76	5	13	9	27
channel_35_read_135	135	5286	5096	510	4477	284	525	335	1144
channel_156_read_178	178	1766	1604	36	1296	163	307	145	615
channel_427_read_37	37	6098	5855	1777	4859	459	780	537	1776
channel_442_read_148	148	5636	5392	36	4735	284	617	373	1274
channel_231_read_90	90	344	420	5137	293	27	24	100	151
channel_156_read_71	71	3652	3896	1927	3101	286	265	509	1060
channel_361_read_51	51	37	38	8718	35	1	1	2	4
channel_47_read_128	128	5514	5236	49	4473	372	669	391	1432
channel_156_read_78	78	5209	5242	35	4524	247	438	471	1156
channel_85_read_87	87	4908	5054	10765	4050	408	450	596	1454
channel_47_read_124	124	417	418	3471	318	44	55	56	155
channel_47_read_122	122	2249	2257	2699	1762	220	267	275	762
channel_319_read_198	198	7121	6875	17	5926	413	782	536	1731
channel_356_read_109	109	255	230	11321	183	31	41	16	88
channel_398_read_138	138	5598	5459	4231	4637	357	604	465	1426
channel_319_read_204	204	879	859	49	767	31	81	61	173
channel_319_read_202	202	2469	2333	7	2110	92	267	131	490
channel_298_read_173	173	2990	2836	51	2513	151	326	172	649
channel_67_read_26	26	9429	9384	16	8137	487	805	760	2052
channel_426_read_170	170	9476	9255	33	8312	397	767	546	1710
channel_506_read_220	220	1084	1236	5816	905	104	75	227	406
channel_301_read_48	48	8217	8543	3034	6745	733	739	1065	2537
channel_270_read_179	179	4662	4556	47	3917	280	465	359	1104
channel_301_read_43	43	742	835	7061	593	77	72	165	314
channel_301_read_42	42	1635	1531	19	1355	91	189	85	365
channel_473_read_76	76	1983	1918	286	1504	182	297	232	711
channel_475_read_239	239	4123	4111	4421	3329	348	446	434	1228
channel_476_read_6	6	5562	5427	105	4633	332	597	462	1391
channel_274_read_205	205	8884	8493	16	7406	504	974	583	2061
channel_393_read_79	79	7548	7494	167	6192	533	823	769	2125
channel_183_read_205	205	7075	6879	55	6098	358	619	423	1400
channel_55_read_155	155	7880	7790	57	6465	595	820	730	2145
channel_359_read_80	80	2153	2094	2112	1760	159	234	175	568
channel_479_read_166	166	3551	3530	1134	3081	179	291	270	740
channel_282_read_39	39	631	602	1110	472	68	91	62	221
channel_416_read_103	103	8671	8695	121	7148	643	880	904	2427
channel_248_read_141	141	1117	1098	83	968	56	93	74	223
channel_183_read_147	147	1795	2071	3085	1436	205	154	430	789
channel_292_read_215	215	1596	1716	2334	1311	159	126	246	531
channel_183_read_141	141	5127	4755	1308	3910	456	761	389	1606
channel_315_read_19	19	9801	9386	15	8216	558	1027	612	2197
channel_464_read_205	205	827	934	9228	694	80	53	160	293
channel_46_read_111	111	4149	3936	70	3312	280	557	344	1181
channel_317_read_63	63	3077	3042	1029	2465	255	357	322	934
channel_195_read_137	137	877	825	761	664	76	137	85	298
channel_390_read_88	88	3763	3633	44	3113	243	407	277	927
channel_494_read_114	114	4151	3980	24	3598	147	406	235	788
channel_372_read_66	66	2989	3020	5909	2342	297	350	381	1028
channel_259_read_32	32	102	129	2306	91	6	5	32	43
channel_195_read_340	340	5753	5800	270	4928	326	499	546	1371
channel_372_read_63	63	2266	2197	1059	1913	134	219	150	503
channel_104_read_73	73	1967	1961	455	1740	92	135	129	356
channel_104_read_72	72	6157	6202	1475	4953	520	684	729	1933
channel_354_read_41	41	283	279	11079	222	20	41	37	98
channel_476_read_125	125	2580	2778	3687	2132	228	220	418	866
channel_495_read_71	71	4547	4367	45	3882	222	443	263	928
channel_473_read_63	63	4027	4069	2306	3079	419	529	571	1519
channel_311_read_5	5	495	489	16092	362	63	70	64	197
channel_290_read_53	53	229	267	4457	201	20	8	46	74
channel_373_read_1	1	9048	8998	9	7557	618	873	823	2314
channel_476_read_128	128	1355	1377	1389	1141	88	126	148	362
channel_469_read_156	156	1316	1312	12	1136	71	109	105	285
channel_477_read_66	66	5167	5174	5064	4239	407	521	528	1456
channel_394_read_118	118	4309	4381	5612	3566	323	420	492	1235
channel_158_read_52	52	2990	3162	5588	2335	334	321	493	1148
channel_506_read_129	129	10618	10144	4	8926	566	1126	652	2344
channel_204_read_2	2	261	271	14033	197	39	25	35	99
channel_230_read_113	113	2208	2391	4967	1834	164	210	393	767
channel_298_read_182	182	1083	1097	710	837	119	127	141	387
channel_270_read_52	52	5923	5836	84	4699	513	711	624	1848
channel_386_read_22	22	9789	9895	3887	8421	608	760	866	2234
channel_415_read_68	68	6119	5933	48	5143	337	639	453	1429
channel_195_read_349	349	3151	3167	160	2781	131	239	255	625
channel_301_read_156	156	2640	2599	58	2321	138	181	140	459
channel_54_read_99	99	3307	3115	31	2633	208	466	274	948
channel_301_read_154	154	2494	2385	14	2138	129	227	118	474
channel_138_read_186	186	1572	1539	9	1357	80	135	102	317
channel_223_read_24	24	7044	6692	2742	5578	506	960	608	2074
channel_270_read_176	176	7442	7250	25	6249	428	765	573	1766
channel_270_read_175	175	2835	2732	279	2224	233	378	275	886
channel_195_read_346	346	2364	2507	26	2074	142	148	291	581
channel_406_read_202	202	5856	5571	97	4808	352	696	411	1459
channel_287_read_187	187	1272	1436	555	1030	128	114	278	520
channel_419_read_105	105	8215	7959	76	7246	310	659	403	1372
channel_402_read_61	61	168	179	6413	138	20	10	21	51
channel_92_read_74	74	1159	1105	19955	878	116	165	111	392
channel_387_read_293	293	4953	4853	3	4015	363	575	475	1413
channel_404_read_33	33	4113	4107	217	3357	290	466	460	1216
channel_259_read_54	54	1099	1149	508	871	117	111	161	389
channel_290_read_38	38	1745	1751	4606	1306	195	244	250	689
channel_275_read_47	47	7219	7973	4332	6279	511	429	1183	2123
channel_489_read_246	246	7787	7549	8	6498	424	865	627	1916
channel_3_read_151	151	10702	10529	10	8932	652	1118	945	2715
channel_442_read_201	201	7032	6758	192	5895	384	753	479	1616
channel_442_read_206	206	2880	2917	7934	2444	187	249	286	722
channel_193_read_138	138	5019	4999	425	4088	395	536	516	1447
channel_218_read_159	159	1018	1007	1248	874	45	99	88	232
channel_141_read_36	36	2463	2517	4514	2001	207	255	309	771
channel_141_read_37	37	13695	13142	1313	11198	947	1550	997	3494
channel_432_read_199	199	692	668	1234	540	53	99	75	227
channel_476_read_202	202	3982	3779	98	3170	265	547	344	1156
channel_472_read_187	187	1554	1659	2107	1257	150	147	252	549
channel_160_read_105	105	3804	3935	6381	3045	375	384	515	1274
channel_19_read_103	103	99	118	7903	86	11	2	21	34
channel_472_read_181	181	3391	3541	7700	2706	343	342	492	1177
channel_491_read_185	185	8266	7817	601	6995	391	880	431	1702
channel_505_read_302	302	1171	1258	919	983	98	90	177	365
channel_319_read_92	92	2308	2400	152	1981	148	179	271	598
channel_154_read_104	104	7533	7440	24	6519	383	631	538	1552
channel_10_read_227	227	3266	3211	942	2730	200	336	281	817
channel_274_read_152	152	8328	8125	86	6804	583	941	738	2262
channel_39_read_171	171	414	474	1873	338	41	35	95	171
channel_217_read_293	293	114	120	5053	96	8	10	16	34
channel_140_read_1	1	2744	2768	371	2220	223	301	325	849
channel_498_read_97	97	1845	1722	34	1484	118	243	120	481
channel_471_read_143	143	8768	8350	5	7415	447	906	488	1841
channel_2_read_155	155	5334	5180	30	4585	234	515	361	1110
channel_287_read_266	266	46	49	3060	43	1	2	5	8
channel_268_read_109	109	189	200	2406	158	16	15	26	57
channel_503_read_159	159	7528	7730	89	6292	538	698	900	2136
channel_354_read_8	8	18127	18663	28	16206	863	1058	1594	3515
channel_166_read_89	89	5019	5414	127	4212	400	407	802	1609
channel_129_read_163	163	4180	4054	12	3535	211	434	308	953
channel_370_read_55	55	8654	8531	54	7066	636	952	829	2417
channel_506_read_93	93	7087	7523	1794	5926	577	584	1020	2181
channel_373_read_225	225	5860	5716	92	4874	344	642	498	1484
channel_330_read_265	265	2423	2443	6	2105	130	188	208	526
channel_354_read_2	2	1941	1943	40	1728	82	131	133	346
channel_509_read_69	69	7403	7047	18862	6056	481	866	510	1857
channel_285_read_140	140	5069	5164	2082	4286	334	449	544	1327
channel_359_read_97	97	3843	3709	3632	3139	258	446	312	1016
channel_130_read_136	136	3035	2955	34	2594	155	286	206	647
channel_441_read_6	6	11486	11292	1584	9571	806	1109	915	2830
channel_397_read_88	88	5549	5812	1510	4507	499	543	806	1848
channel_490_read_149	149	4183	4125	1	3459	289	435	377	1101
channel_282_read_65	65	1711	1598	148	1323	130	258	145	533
channel_397_read_85	85	1083	1174	1926	868	104	111	202	417
channel_267_read_107	107	727	869	1294	625	48	54	196	298
channel_267_read_104	104	7216	7943	165	6238	521	457	1184	2162
channel_277_read_19	19	5014	5001	4244	4109	398	507	494	1399
channel_374_read_92	92	64	59	7329	53	3	8	3	14
channel_476_read_196	196	3096	2841	66	2556	145	395	140	680
channel_441_read_31	31	3819	3692	4091	2999	352	468	341	1161
channel_409_read_128	128	5600	5515	376	4397	462	741	656	1859
channel_489_read_65	65	4036	3996	77	3421	239	376	336	951
channel_55_read_115	115	5502	5226	6	4612	279	611	335	1225
channel_55_read_117	117	4616	4410	3103	3814	310	492	286	1088
channel_19_read_74	74	4917	4915	2877	3997	398	522	520	1440
channel_415_read_94	94	10172	9725	58	8596	511	1065	618	2194
channel_158_read_85	85	6106	6218	8034	5074	428	604	716	1748
channel_50_read_119	119	2583	2499	196	2081	171	331	247	749
channel_85_read_36	36	156	151	5318	119	15	22	17	54
channel_287_read_230	230	7337	6838	19	6057	367	913	414	1694
channel_287_read_231	231	8786	8406	41	7496	391	899	519	1809
channel_419_read_83	83	3794	3546	30	3034	259	501	253	1013
channel_319_read_242	242	5316	5303	300	4502	321	493	480	1294
channel_370_read_129	129	6682	6526	1806	5551	459	672	516	1647
channel_63_read_221	221	891	957	5356	715	95	81	147	323
channel_319_read_247	247	4148	4036	5001	3518	213	417	305	935
channel_210_read_137	137	1954	1973	5862	1584	162	208	227	597
channel_263_read_84	84	4214	3959	35	3612	153	449	194	796
channel_85_read_46	46	12979	12637	13	10769	842	1368	1026	3236
channel_393_read_45	45	161	183	1355	137	13	11	33	57
channel_206_read_57	57	7846	7946	60	6542	541	763	863	2167
channel_319_read_146	146	3147	2960	20	2588	198	361	174	733
channel_50_read_184	184	2125	2022	1422	1691	149	285	182	616
channel_463_read_70	70	264	308	12981	220	19	25	69	113
channel_42_read_159	159	3582	3531	137	2907	285	390	339	1014
channel_42_read_250	250	3277	3470	76	2855	205	217	410	832
channel_35_read_161	161	8255	8242	143	7048	486	721	708	1915
channel_42_read_256	256	4301	4195	7	3716	212	373	267	852
channel_92_read_97	97	2171	2181	300	1823	147	201	211	559
channel_427_read_65	65	2281	2231	2920	1938	127	216	166	509
channel_400_read_23	23	241	256	15148	189	22	30	45	97
channel_137_read_106	106	7675	7360	40	6521	379	775	460	1614
channel_400_read_252	252	5382	5206	24	4553	287	542	366	1195
channel_461_read_187	187	283	273	2183	214	29	40	30	99
channel_406_read_46	46	7726	7401	16	6466	415	845	520	1780
channel_480_read_136	136	1050	975	12597	767	102	181	106	389
channel_442_read_28	28	40	47	9273	39	1	0	7	8
channel_498_read_114	114	2489	2407	120	1995	187	307	225	719
channel_470_read_281	281	150	163	7469	124	11	15	28	54
channel_505_read_353	353	7270	7211	16	6298	371	601	542	1514
channel_382_read_133	133	1296	1333	101	1033	116	147	184	447
channel_353_read_67	67	1461	1513	2708	1234	105	122	174	401
channel_183_read_101	101	3506	3773	7048	2831	350	325	592	1267
channel_505_read_296	296	4815	4597	25	4133	229	453	235	917
channel_311_read_97	97	2894	2997	7978	2267	281	346	449	1076
channel_311_read_95	95	2951	3029	2705	2357	268	326	404	998
channel_89_read_53	53	381	424	6306	309	28	44	87	159
channel_317_read_24	24	8010	8327	88	6997	466	547	864	1877
channel_309_read_174	174	6235	6012	7	5150	388	697	474	1559
channel_496_read_10	10	5651	5488	59	4691	383	577	414	1374
channel_146_read_36	36	3013	2866	62	2573	140	300	153	593
channel_319_read_243	243	8928	8705	38	7382	550	996	773	2319
channel_143_read_77	77	1995	2025	1318	1741	110	144	174	428
channel_502_read_55	55	3496	3209	2003	2695	257	544	257	1058
channel_466_read_44	44	3069	2957	12	2570	150	349	237	736
channel_259_read_72	72	941	963	1399	768	80	93	115	288
channel_290_read_83	83	4428	4332	251	3651	325	452	356	1133
channel_174_read_151	151	5556	5403	29	4822	229	505	352	1086
channel_174_read_152	152	4800	4659	898	4071	262	467	326	1055
channel_143_read_75	75	6992	6620	3168	5780	419	793	421	1633
channel_404_read_16	16	60	61	6971	53	2	5	6	13
channel_154_read_113	113	1618	1535	1674	1318	101	199	116	416
channel_46_read_99	99	2064	2028	3784	1610	208	246	210	664
channel_274_read_232	232	2683	2474	2080	2132	162	389	180	731
channel_285_read_56	56	3766	3943	2179	3133	316	317	494	1127
channel_387_read_124	124	1879	1880	4030	1452	183	244	245	672
channel_92_read_104	104	13612	12814	1837	11119	836	1657	859	3352
channel_316_read_170	170	1756	1852	82	1570	85	101	197	383
channel_290_read_15	15	217	214	11107	165	17	35	32	84
channel_46_read_201	201	3095	3015	73	2558	190	347	267	804
channel_248_read_67	67	3688	3519	72	3027	215	446	277	938
channel_306_read_91	91	467	554	9925	381	59	27	114	200
channel_479_read_60	60	288	313	12533	226	32	30	55	117
channel_394_read_235	235	6371	6175	37	5641	215	515	319	1049
channel_292_read_265	265	1063	1022	44	897	52	114	73	239
channel_18_read_120	120	1260	1317	1784	1007	112	141	198	451
channel_34_read_235	235	74	84	5889	64	9	1	11	21
channel_135_read_34	34	3278	3447	5300	2681	300	297	466	1063
channel_480_read_215	215	4029	3907	152	3289	284	456	334	1074
channel_394_read_234	234	5450	5316	46	4632	300	518	384	1202
channel_370_read_86	86	369	394	656	298	40	31	56	127
channel_46_read_140	140	3040	3226	1664	2501	255	284	470	1009
channel_473_read_192	192	3303	3284	61	2745	217	341	322	880
channel_472_read_232	232	1423	1632	568	1207	144	72	281	497
channel_4_read_9	9	3770	4033	4392	3126	337	307	570	1214
channel_195_read_262	262	3817	3855	29	3421	147	249	287	683
channel_195_read_148	148	3286	3348	1249	2618	276	392	454	1122
channel_195_read_260	260	3483	3441	52	3076	136	271	229	636
channel_143_read_7	7	5062	5033	6685	4117	392	553	524	1469
channel_473_read_198	198	4966	4907	22	4090	356	520	461	1337
channel_505_read_313	313	5837	5520	72	4901	322	614	297	1233
channel_270_read_131	131	4165	4072	24	3500	273	392	299	964
channel_294_read_107	107	1827	1790	24	1608	83	136	99	318
channel_201_read_15	15	2444	2642	4371	1965	230	249	447	926
channel_10_read_56	56	5149	5147	317	4265	382	502	500	1384
channel_314_read_228	228	1499	1526	1257	1282	94	123	150	367
channel_314_read_229	229	686	710	822	546	66	74	98	238
channel_386_read_85	85	847	901	2271	673	65	109	163	337
channel_418_read_52	52	4849	4868	2063	4000	369	480	499	1348
channel_314_read_223	223	1133	1132	164	940	79	114	113	306
channel_482_read_126	126	5114	5024	3204	4132	370	612	522	1504
channel_201_read_243	243	5372	5289	284	4528	308	536	453	1297
channel_160_read_80	80	11198	10813	8	9436	602	1160	775	2537
channel_201_read_246	246	7765	7643	1	6647	416	702	580	1698
channel_226_read_58	58	5043	5200	4140	4027	460	556	713	1729
channel_300_read_86	86	3358	3235	13	2871	171	316	193	680
channel_499_read_42	42	2225	2203	2028	1745	202	278	256	736
channel_467_read_107	107	8420	8075	56	7371	315	734	389	1438
channel_330_read_259	259	121	117	6465	93	13	15	11	39
channel_193_read_116	116	2108	2031	123	1689	153	266	189	608
channel_287_read_213	213	843	867	834	716	63	64	88	215
channel_481_read_53	53	569	700	2961	474	60	35	166	261
channel_139_read_164	164	8733	8232	4	7339	382	1012	511	1905
channel_316_read_64	64	3295	3095	11	2805	141	349	149	639
channel_3_read_110	110	2057	2009	558	1571	195	291	243	729
channel_374_read_0	0	1126	1117	12	958	70	98	89	257
channel_217_read_297	297	6943	6860	12	5962	379	602	519	1500
channel_10_read_226	226	3582	3530	32	2990	246	346	294	886
channel_3_read_118	118	2237	2231	2530	1797	195	245	239	679
channel_472_read_32	32	1767	1669	1695	1480	89	198	100	387
channel_472_read_30	30	5297	5166	86	4456	287	554	423	1264
channel_130_read_172	172	2441	2527	2406	1958	257	226	312	795
channel_174_read_202	202	7033	6999	58	6026	402	605	571	1578
channel_499_read_38	38	4127	4192	637	3283	377	467	532	1376
channel_321_read_45	45	7175	6979	6763	6213	349	613	417	1379
channel_373_read_216	216	6274	6033	1668	5100	429	745	504	1678
channel_382_read_154	154	6584	6405	24	5480	423	681	502	1606
channel_497_read_71	71	3199	3030	127	2569	231	399	230	860
channel_431_read_27	27	208	201	9019	162	13	33	26	72
channel_268_read_149	149	5765	5570	5691	4506	460	799	604	1863
channel_503_read_199	199	657	667	86	566	38	53	63	154
channel_482_read_14	14	8093	7962	2132	6897	468	728	597	1793
channel_34_read_160	160	424	399	6457	307	55	62	37	154
channel_85_read_75	75	2115	2067	17747	1589	205	321	273	799
channel_483_read_4	4	7721	7519	110	6505	452	764	562	1778
channel_479_read_163	163	1659	1579	1321	1396	93	170	90	353
channel_481_read_2	2	3300	3217	22	2824	177	299	216	692
channel_406_read_99	99	6309	6118	70	5096	462	751	560	1773
channel_475_read_76	76	1534	1551	1227	1201	144	189	206	539
channel_503_read_195	195	1229	1611	296	1116	74	39	421	534
channel_354_read_149	149	1808	1776	1394	1475	120	213	181	514
channel_18_read_69	69	3822	3803	143	3259	232	331	312	875
channel_327_read_129	129	1763	1642	3429	1320	143	300	179	622
channel_283_read_102	102	4092	4303	77	3377	345	370	581	1296
channel_195_read_110	110	5357	5051	124	4292	349	716	410	1475
channel_419_read_149	149	3990	3933	70	3515	179	296	239	714
channel_50_read_205	205	50	53	11352	47	3	0	3	6
channel_217_read_242	242	9344	9100	511	7713	598	1033	789	2420
channel_466_read_65	65	3382	3228	14	2716	245	421	267	933
channel_18_read_62	62	4841	4656	11	3908	378	555	370	1303
channel_510_read_116	116	11933	11932	50	10615	502	816	815	2133
channel_230_read_152	152	1037	1236	4568	877	81	79	278	438
channel_403_read_267	267	1083	1023	41	896	50	137	77	264
channel_330_read_143	143	14261	13622	187	11633	936	1692	1053	3681
channel_35_read_118	118	8024	7680	26	6743	432	849	505	1786
channel_396_read_27	27	2446	2422	139	2175	93	178	154	425
channel_104_read_138	138	4243	4062	21	3687	140	416	235	791
channel_287_read_169	169	8301	7882	50	6855	477	969	550	1996
channel_268_read_70	70	486	552	5809	395	45	46	112	203
channel_465_read_10	10	674	832	9770	576	57	41	199	297
channel_400_read_251	251	2179	2079	6	1843	109	227	127	463
channel_505_read_340	340	3821	4056	224	3210	287	324	559	1170
channel_489_read_26	26	6989	6806	723	5682	503	804	621	1928
channel_479_read_116	116	5035	5135	57	4282	325	428	528	1281
channel_143_read_111	111	6979	6768	28	5907	408	664	453	1525
channel_217_read_143	143	2609	2655	5048	2076	235	298	344	877
channel_479_read_113	113	2255	2143	1160	1862	131	262	150	543
channel_277_read_136	136	3518	3383	23	3084	127	307	172	606
channel_277_read_137	137	6982	7247	1665	5998	466	518	783	1767
channel_300_read_88	88	7041	6865	13	6087	336	618	442	1396
channel_306_read_50	50	2346	2353	241	2018	135	193	200	528
channel_192_read_23	23	4676	4891	5154	3893	390	393	608	1391
channel_472_read_231	231	1100	1089	577	877	92	131	120	343
channel_394_read_237	237	7267	7448	1038	5760	666	841	1022	2529
channel_464_read_142	142	3687	3675	25	3078	231	378	366	975
channel_275_read_287	287	6139	6037	12	5355	271	513	411	1195
channel_300_read_81	81	5896	5900	39	5241	239	416	420	1075
channel_451_read_127	127	5958	5887	193	4836	467	655	584	1706
channel_297_read_145	145	292	351	1938	256	19	17	76	112
channel_297_read_147	147	3701	3501	693	3127	177	397	197	771
channel_195_read_291	291	189	157	10786	132	18	39	7	64
channel_472_read_245	245	1469	1384	1820	1165	110	194	109	413
channel_387_read_264	264	6367	6075	57	5287	346	734	442	1522
channel_476_read_267	267	7550	7806	1849	6349	558	643	899	2100
channel_2_read_111	111	229	233	6692	184	19	26	30	75
channel_166_read_151	151	6562	6406	67	5779	246	537	381	1164
channel_266_read_64	64	5992	5904	28	5122	329	541	453	1323
channel_314_read_48	48	16095	15476	86	13687	853	1555	936	3344
channel_445_read_28	28	13404	13058	77	11252	830	1322	976	3128
channel_496_read_25	25	7840	7664	5213	6598	500	742	566	1808
channel_282_read_33	33	11564	11264	175	9446	828	1290	990	3108
channel_31_read_95	95	2888	2906	2855	2351	224	313	331	868
channel_391_read_89	89	1336	1547	4141	1155	106	75	286	467
channel_404_read_1	1	6471	6657	8756	5335	522	614	800	1936
channel_482_read_15	15	2323	2227	68	1898	165	260	164	589
channel_323_read_89	89	5692	5512	11	4853	290	549	369	1208
channel_54_read_145	145	3709	3494	4	3077	181	451	236	868
channel_90_read_16	16	1904	1858	1564	1519	165	220	174	559
channel_19_read_41	41	2450	2451	4	2002	218	230	231	679
channel_132_read_30	30	4771	4752	753	3897	374	500	481	1355
channel_370_read_153	153	5484	5241	36	4723	246	515	272	1033
channel_156_read_229	229	1817	1780	5	1531	125	161	124	410
channel_47_read_130	130	2875	2855	38	2341	252	282	262	796
channel_292_read_121	121	7542	7296	478	6429	393	720	474	1587
channel_132_read_38	38	2383	2496	10464	1898	234	251	364	849
channel_308_read_90	90	2459	2751	2017	2132	163	164	456	783
channel_403_read_194	194	861	894	1789	711	74	76	109	259
channel_154_read_88	88	2117	2058	1677	1615	200	302	243	745
channel_270_read_7	7	167	162	6145	129	21	17	12	50
channel_381_read_81	81	6799	6679	14	5999	283	517	397	1197
channel_403_read_192	192	7735	7760	28	6627	449	659	684	1792
channel_253_read_54	54	11298	11031	54	9369	766	1163	896	2825
channel_154_read_80	80	6218	6144	49	5311	339	568	494	1401
channel_464_read_286	286	768	719	3	609	57	102	53	212
channel_53_read_83	83	4120	4254	33	3372	362	386	520	1268
channel_104_read_88	88	4900	4699	3255	4224	214	462	261	937
channel_509_read_50	50	3805	3855	5438	3267	227	311	361	899
channel_489_read_222	222	2474	2386	11	2101	131	242	154	527
channel_129_read_161	161	320	295	6273	234	26	60	35	121
channel_292_read_297	297	177	205	13773	150	14	13	41	68
channel_419_read_85	85	2135	1920	118	1586	160	389	174	723
channel_393_read_111	111	2609	2662	1967	2169	210	230	283	723
channel_355_read_117	117	4705	4620	15	4013	264	428	343	1035
channel_309_read_182	182	4860	4596	67	4090	239	531	267	1037
channel_327_read_86	86	2489	2476	1529	2083	166	240	227	633
channel_479_read_181	181	2669	2583	1048	2195	175	299	213	687
channel_374_read_77	77	177	187	10851	144	14	19	29	62
channel_461_read_159	159	3274	3144	21	2716	201	357	227	785
channel_46_read_89	89	1348	1361	68	1092	100	156	169	425
channel_183_read_130	130	13312	13056	1890	10809	979	1524	1268	3771
channel_505_read_267	267	1705	1722	31	1511	73	121	138	332
channel_308_read_53	53	6392	6397	53	5096	503	793	798	2094
channel_498_read_106	106	1842	1772	13	1513	113	216	146	475
channel_497_read_68	68	842	919	2672	681	77	84	161	322
channel_53_read_132	132	12077	11631	118	9893	793	1391	945	3129
channel_320_read_48	48	2845	2706	4139	2197	250	398	259	907
channel_494_read_97	97	4641	4687	5215	3709	407	525	571	1503
channel_506_read_98	98	105	96	13321	81	9	15	6	30
channel_148_read_7	7	12443	12576	9664	10887	685	871	1004	2560
channel_143_read_82	82	7624	7207	2584	6242	456	926	509	1891
channel_201_read_175	175	2030	2207	262	1618	212	200	377	789
channel_229_read_4	4	6045	5762	1778	4970	384	691	408	1483
channel_284_read_65	65	3184	3016	1396	2564	215	405	237	857
channel_466_read_17	17	563	528	5141	413	49	101	66	216
channel_112_read_102	102	91	86	11197	73	7	11	6	24
channel_201_read_273	273	6511	6535	61	5422	454	635	659	1748
channel_505_read_318	318	5354	5356	666	4596	293	465	467	1225
channel_284_read_103	103	6553	6485	14	5451	447	655	587	1689
channel_148_read_8	8	1970	1909	11144	1488	216	266	205	687
channel_497_read_93	93	3300	3365	6790	2684	275	341	406	1022
channel_229_read_32	32	5533	5375	1132	4565	356	612	454	1422
channel_266_read_58	58	2381	2301	45	2017	114	250	170	534
channel_112_read_3	3	4664	4643	2145	3906	351	407	386	1144
channel_258_read_21	21	6102	6475	7754	5315	401	386	759	1546
channel_210_read_165	165	945	915	733	758	69	118	88	275
channel_55_read_86	86	2932	2961	2363	2483	204	245	274	723
channel_270_read_164	164	1370	1329	4	1154	79	137	96	312
channel_469_read_181	181	124	125	8558	101	12	11	12	35
channel_469_read_187	187	3016	2938	4	2622	141	253	175	569
channel_406_read_232	232	2374	2306	95	1959	171	244	176	591
channel_148_read_156	156	1724	1716	10	1458	100	166	158	424
channel_415_read_72	72	1349	1314	1649	1065	106	178	143	427
channel_137_read_109	109	2948	2829	2921	2324	239	385	266	890
channel_416_read_58	58	5230	5223	1190	4352	344	534	527	1405
channel_381_read_10	10	7113	7019	22	6268	324	521	427	1272
channel_319_read_64	64	449	537	9293	376	47	26	114	187
channel_279_read_82	82	7434	7124	1951	6084	517	833	523	1873
channel_503_read_88	88	1534	1561	100	1336	74	124	151	349
channel_472_read_78	78	2084	1966	98	1756	100	228	110	438
channel_301_read_144	144	4717	4612	527	3915	333	469	364	1166
channel_304_read_57	57	572	622	2471	493	46	33	83	162
channel_195_read_350	350	5771	5598	2	5000	259	512	339	1110
channel_400_read_304	304	3934	3867	75	3392	208	334	267	809
channel_469_read_220	220	670	604	120	482	59	129	63	251
channel_387_read_232	232	730	783	2847	571	92	67	120	279
channel_394_read_149	149	5821	5798	3393	4841	372	608	585	1565
channel_361_read_38	38	5164	5221	998	4228	399	537	594	1530
channel_221_read_38	38	13816	13361	50	11987	615	1214	759	2588
channel_267_read_101	101	449	521	1289	377	34	38	110	182
channel_372_read_33	33	116	131	9759	101	8	7	22	37
channel_3_read_128	128	6796	6829	26	5904	364	528	561	1453
channel_139_read_134	134	7179	6838	92	5952	384	843	502	1729
channel_316_read_31	31	3580	3590	11	3085	199	296	306	801
channel_275_read_51	51	13608	13352	86	11582	760	1266	1010	3036
channel_306_read_98	98	3748	3582	745	3104	228	416	250	894
channel_417_read_8	8	13033	12728	35	11307	561	1165	860	2586
channel_464_read_34	34	4583	4538	397	3852	287	444	399	1130
channel_373_read_136	136	3100	2891	39	2497	181	422	213	816
channel_35_read_48	48	448	504	1661	382	35	31	87	153
channel_285_read_110	110	11963	11953	55	10244	683	1036	1026	2745
channel_306_read_106	106	6901	6642	129	5827	401	673	414	1488
channel_35_read_44	44	524	526	2700	399	61	64	66	191
channel_12_read_155	155	3039	3032	255	2457	246	336	329	911
channel_421_read_31	31	6099	5994	500	5168	342	589	484	1415
channel_18_read_137	137	10341	9829	3	8621	578	1142	630	2350
channel_351_read_115	115	2103	2170	55	1774	155	174	241	570
channel_472_read_196	196	887	860	2941	670	90	127	100	317
channel_505_read_293	293	1105	1242	5344	920	100	85	222	407
channel_275_read_168	168	782	791	1639	599	92	91	100	283
channel_354_read_153	153	6070	5844	2086	4821	483	766	540	1789
channel_292_read_53	53	3339	3321	243	2742	243	354	336	933
channel_473_read_205	205	2285	2194	18	1892	142	251	160	553
channel_286_read_56	56	8480	8157	52	7055	512	913	590	2015
channel_461_read_164	164	4131	3997	1078	3427	272	432	298	1002
channel_332_read_47	47	11868	11413	399	10065	623	1180	725	2528
channel_400_read_217	217	4726	5060	1276	4073	315	338	672	1325
channel_382_read_63	63	6881	6816	5773	5497	519	865	800	2184
channel_464_read_6	6	1479	1567	269	1249	115	115	203	433
channel_503_read_142	142	3397	3228	928	2766	197	434	265	896
channel_442_read_172	172	5050	4881	10758	3956	424	670	501	1595
channel_511_read_27	27	9326	9162	585	7968	535	823	659	2017
channel_421_read_75	75	6954	7157	3811	5559	666	729	932	2327
channel_308_read_81	81	3203	3369	60	2723	239	241	407	887
channel_50_read_80	80	4495	4505	3526	3786	303	406	416	1125
channel_283_read_71	71	4589	4515	6779	3816	314	459	385	1158
channel_318_read_84	84	617	622	4227	483	51	83	88	222
channel_318_read_87	87	6143	5792	50	4946	419	778	427	1624
channel_217_read_234	234	260	269	996	224	13	23	32	68
channel_370_read_60	60	5780	5529	96	4728	365	687	436	1488
channel_289_read_38	38	5931	5993	2085	4985	408	538	600	1546
channel_378_read_108	108	165	169	11495	138	14	13	17	44
channel_268_read_185	185	4859	4599	117	3979	299	581	321	1201
channel_374_read_97	97	2299	2162	10545	1927	111	261	124	496
channel_19_read_165	165	145	169	10236	121	13	11	35	59
channel_268_read_181	181	1164	1268	1971	954	107	103	207	417
channel_361_read_55	55	2921	2967	987	2418	220	283	329	832
channel_402_read_47	47	7006	6963	3305	5987	389	630	587	1606
channel_48_read_23	23	4748	4892	5334	3920	386	442	586	1414
channel_31_read_10	10	430	495	616	350	53	27	92	172
channel_266_read_130	130	6772	6558	76	5692	421	659	445	1525
channel_451_read_276	276	383	444	2808	314	48	21	82	151
channel_309_read_204	204	3238	3062	2401	2569	218	451	275	944
channel_309_read_205	205	1824	1835	22	1564	102	158	169	429
channel_499_read_24	24	2243	2063	164	1754	146	343	163	652
channel_42_read_277	277	311	336	577	264	21	26	51	98
channel_192_read_79	79	1474	1675	13439	1241	137	96	297	530
channel_287_read_86	86	6089	5883	26	5100	324	665	459	1448
channel_248_read_147	147	36	37	11776	34	1	1	2	4
channel_104_read_106	106	2871	2826	30	2304	240	327	282	849
channel_55_read_109	109	1665	1753	11056	1321	165	179	267	611
channel_498_read_90	90	3015	2922	1880	2345	261	409	316	986
channel_155_read_3	3	11629	11875	12461	9800	781	1048	1294	3123
channel_286_read_16	16	6457	6314	65	5453	419	585	442	1446
channel_218_read_38	38	5298	5135	384	4347	338	613	450	1401
channel_287_read_223	223	2999	2884	32	2477	202	320	205	727
channel_42_read_268	268	5623	5446	23	4833	252	538	361	1151
channel_469_read_177	177	2021	2030	22	1787	96	138	147	381
channel_469_read_176	176	2589	2557	77	2299	93	197	165	455
channel_451_read_154	154	3653	3485	37	2980	243	430	262	935
channel_469_read_174	174	5100	4709	4255	4276	197	627	236	1060
channel_201_read_65	65	4524	4568	3216	3849	310	365	409	1084
channel_489_read_258	258	1770	1698	34	1430	123	217	145	485
channel_366_read_98	98	3225	3146	41	2667	218	340	261	819
channel_35_read_182	182	8264	8212	78	6845	563	856	804	2223
channel_63_read_164	164	1578	1545	44	1268	122	188	155	465
channel_490_read_70	70	305	315	5573	238	39	28	38	105
channel_491_read_244	244	4503	4388	4	3987	126	390	275	791
channel_277_read_79	79	1108	1174	6672	903	92	113	179	384
channel_366_read_23	23	1318	1405	2943	1055	148	115	202	465
channel_491_read_167	167	8023	7693	1872	6460	594	969	639	2202
channel_491_read_164	164	1067	1004	1151	876	56	135	72	263
channel_50_read_192	192	5935	5626	41	5048	262	625	316	1203
channel_373_read_117	117	1793	1852	1949	1418	177	198	257	632
channel_39_read_239	239	1150	1223	1898	940	105	105	178	388
channel_165_read_104	104	1006	1037	21331	873	45	88	119	252
channel_373_read_217	217	4049	3689	154	3218	228	603	243	1074
channel_476_read_206	206	3889	3675	4388	3223	227	439	225	891
channel_342_read_0	0	5809	5901	16	5168	247	394	486	1127
channel_382_read_140	140	2752	2670	59	2250	177	325	243	745
channel_464_read_319	319	2304	2307	52	1960	148	196	199	543
channel_268_read_265	265	2745	2678	6	2267	172	306	239	717
channel_505_read_345	345	7475	7578	4429	6633	308	534	637	1479
channel_308_read_98	98	4887	5483	5836	4082	425	380	976	1781
channel_487_read_108	108	6729	6511	40	5866	273	590	372	1235
channel_378_read_39	39	8308	8076	3357	6963	521	824	592	1937
channel_253_read_101	101	372	348	7629	270	43	59	35	137
channel_370_read_188	188	3908	3628	771	3143	234	531	251	1016
channel_253_read_102	102	7944	8236	39478	6474	722	748	1040	2510
channel_308_read_91	91	523	637	350	446	41	36	150	227
channel_475_read_177	177	1371	1337	46	1175	68	128	94	290
channel_487_read_100	100	5079	5073	17	4337	284	458	452	1194
channel_378_read_31	31	5746	5609	99	4854	345	547	410	1302
channel_469_read_168	168	4205	4069	36	3570	210	425	289	924
channel_201_read_139	139	1070	1108	5156	841	105	124	162	391
channel_34_read_15	15	3067	3137	174	2605	196	266	336	798
channel_137_read_65	65	5031	5063	4336	4191	352	488	520	1360
channel_452_read_17	17	1125	1299	1568	955	108	62	236	406
channel_387_read_144	144	252	262	9035	198	32	22	32	86
channel_346_read_75	75	2167	2151	17	1858	114	195	179	488
channel_426_read_151	151	2821	2706	4	2350	164	307	192	663
channel_445_read_170	170	539	700	10189	495	31	13	174	218
channel_327_read_83	83	8101	8056	1524	6674	587	840	795	2222
channel_174_read_141	141	7825	7477	35	6679	387	759	411	1557
channel_489_read_88	88	1742	1694	853	1432	139	171	123	433
channel_350_read_21	21	9143	8676	55	7599	532	1012	545	2089
channel_39_read_178	178	391	431	2168	312	41	38	78	157
channel_270_read_13	13	731	751	1051	609	49	73	93	215
channel_461_read_162	162	8399	7857	107	6817	533	1049	507	2089
channel_48_read_25	25	7140	7102	1031	5954	466	720	682	1868
channel_274_read_227	227	4347	4164	44	3673	243	431	248	922
channel_426_read_124	124	2442	2366	38	2079	131	232	156	519
channel_393_read_126	126	63	57	12577	51	4	8	2	14
channel_419_read_86	86	135	128	8641	108	9	18	11	38
channel_46_read_219	219	2655	2501	112	2176	143	336	182	661
channel_390_read_129	129	409	383	2437	300	42	67	41	150
channel_50_read_64	64	4940	4988	2797	4081	390	469	517	1376
channel_92_read_124	124	2320	2250	15	1887	152	281	211	644
channel_137_read_123	123	88	83	6294	71	7	10	5	22
channel_138_read_29	29	550	524	3866	403	56	91	65	212
channel_390_read_126	126	3923	3862	19	3259	250	414	353	1017
channel_404_read_41	41	251	237	1282	200	18	33	19	70
channel_374_read_104	104	9141	8883	2711	7407	696	1038	780	2514
channel_398_read_184	184	3935	3758	127	3338	178	419	242	839
channel_374_read_100	100	113	126	7629	96	11	6	19	36
channel_209_read_48	48	1036	1168	7662	848	103	85	217	405
channel_292_read_63	63	3134	3238	22	2632	225	277	381	883
channel_389_read_41	41	10262	10081	51	8454	704	1104	923	2731
channel_46_read_81	81	8998	9123	663	7332	726	940	1065	2731
channel_195_read_151	151	4160	4107	1648	3292	334	534	481	1349
channel_370_read_99	99	12931	12305	43	10659	738	1534	908	3180
channel_89_read_8	8	161	178	8361	134	14	13	30	57
channel_150_read_16	16	1650	1604	2724	1306	145	199	153	497
channel_479_read_180	180	2603	2778	1746	2239	184	180	355	719
channel_301_read_104	104	13185	12960	26	11359	667	1159	934	2760
channel_301_read_107	107	6676	7255	4559	5726	477	473	1052	2002
channel_104_read_54	54	4909	4638	5	4069	263	577	306	1146
channel_478_read_141	141	4166	4419	2770	3470	331	365	618	1314
channel_104_read_59	59	6702	6341	3	5661	333	708	347	1388
channel_195_read_258	258	2177	2142	932	1758	165	254	219	638
channel_263_read_18	18	8185	7876	6	6721	543	921	612	2076
channel_498_read_72	72	4298	4238	97	3426	368	504	444	1316
channel_210_read_185	185	3011	2826	1197	2381	219	411	226	856
channel_482_read_117	117	2300	2154	30	1958	90	252	106	448
channel_381_read_101	101	2454	2451	33	2165	112	177	174	463
channel_432_read_10	10	10544	10099	2874	8215	878	1451	1006	3335
channel_381_read_103	103	1292	1473	834	1117	97	78	259	434
channel_466_read_3	3	7155	7131	24	6162	381	612	588	1581
channel_301_read_192	192	6653	6504	1460	5792	283	578	429	1290
channel_104_read_51	51	4069	3921	370	3369	258	442	294	994
channel_135_read_54	54	184	165	1213	136	17	31	12	60
channel_381_read_65	65	3677	3820	4132	3120	250	307	450	1007
channel_467_read_91	91	6973	7418	96	6227	349	397	842	1588
channel_193_read_122	122	570	581	87	471	37	62	73	172
channel_467_read_96	96	3250	3224	28	2901	110	239	213	562
channel_275_read_133	133	374	346	6978	274	28	72	44	144
channel_489_read_235	235	2162	2058	11	1806	107	249	145	501
channel_381_read_69	69	3585	3511	17	3139	166	280	206	652
channel_157_read_60	60	3161	3128	649	2536	282	343	310	935
channel_497_read_77	77	2637	2601	32	2198	178	261	225	664
channel_301_read_174	174	1873	1843	100	1635	89	149	119	357
channel_61_read_43	43	5398	5360	3926	4407	451	540	502	1493
channel_487_read_90	90	7831	8620	2959	6847	540	444	1233	2217
channel_472_read_26	26	7181	6846	133	5886	456	839	504	1799
channel_308_read_50	50	3104	3253	642	2626	240	238	387	865
channel_480_read_230	230	5881	5713	13	5097	278	506	338	1122
channel_174_read_219	219	2795	3085	392	2367	216	212	502	930
channel_52_read_16	16	6445	6005	3755	5088	446	911	471	1828
channel_401_read_125	125	5244	5364	4811	4230	446	568	688	1702
channel_478_read_62	62	6120	6033	9	5185	342	593	506	1441
channel_195_read_269	269	6867	6380	12	5748	307	812	325	1444
channel_451_read_131	131	6229	6270	4350	5139	479	611	652	1742
channel_3_read_67	67	3548	3758	291	2915	297	336	546	1179
channel_382_read_31	31	923	965	8864	773	63	87	129	279
channel_475_read_40	40	328	342	3732	260	34	34	48	116
channel_419_read_128	128	2884	2817	21	2430	161	293	226	680
channel_406_read_251	251	3417	3454	233	2861	254	302	339	895
channel_445_read_272	272	6096	6054	22	5315	279	502	460	1241
channel_373_read_241	241	4130	3982	91	3430	261	439	291	991
channel_174_read_8	8	180	209	6271	149	14	17	46	77
channel_268_read_258	258	3446	3175	1384	2731	237	478	207	922
channel_59_read_34	34	4025	3916	173	3291	287	447	338	1072
channel_406_read_66	66	217	215	21619	171	22	24	22	68
channel_18_read_56	56	8928	8914	300	7542	585	801	787	2173
channel_355_read_169	169	1303	1252	53	1096	71	136	85	292
channel_475_read_213	213	134	147	1683	114	10	10	23	43
channel_403_read_251	251	4140	4087	22	3455	268	417	364	1049
channel_275_read_158	158	6587	6424	12	5456	422	709	546	1677
channel_35_read_99	99	2864	3121	4464	2375	263	226	483	972
channel_130_read_129	129	8334	8169	89	7262	351	721	556	1628
channel_338_read_156	156	2015	1938	1971	1547	174	294	217	685
channel_445_read_226	226	2686	2710	129	2375	132	179	203	514
channel_158_read_94	94	4844	4896	71	3970	412	462	514	1388
channel_358_read_28	28	1934	2054	3215	1515	214	205	325	744
channel_274_read_179	179	6384	6399	2008	5328	435	621	636	1692
channel_92_read_95	95	3684	3567	59	3018	235	431	314	980
channel_503_read_177	177	1471	1462	50	1253	81	137	128	346
channel_330_read_192	192	986	927	38	811	48	127	68	243
channel_308_read_104	104	7006	8009	4746	6034	534	438	1441	2413
channel_138_read_96	96	644	720	3906	516	75	53	129	257
channel_386_read_121	121	3132	3213	5332	2500	303	329	410	1042
channel_253_read_58	58	2146	2326	988	1779	177	190	370	737
channel_39_read_49	49	5508	5531	1563	4503	436	569	592	1597
channel_194_read_16	16	2421	2438	57	1963	203	255	272	730
channel_279_read_74	74	1448	1520	3432	1265	86	97	169	352
channel_476_read_159	159	1584	1408	1335	1220	103	261	85	449
channel_330_read_286	286	4454	4434	42	3746	295	413	393	1101
channel_230_read_135	135	956	979	1744	795	66	95	118	279
channel_248_read_119	119	1970	1907	59	1674	94	202	139	435
channel_361_read_66	66	289	312	7946	230	26	33	56	115
channel_356_read_59	59	7182	7071	5	6120	381	681	570	1632
channel_330_read_125	125	4240	3952	31	3388	283	569	281	1133
channel_2_read_104	104	4769	4559	71	3886	299	584	374	1257
channel_503_read_189	189	1687	1989	1456	1458	134	95	397	626
channel_396_read_107	107	7215	7046	1479	6209	358	648	479	1485
channel_330_read_288	288	4990	4719	49	4223	207	560	289	1056
channel_445_read_24	24	9029	8818	23	7771	447	811	600	1858
channel_292_read_179	179	1000	1061	647	832	81	87	148	316
channel_55_read_219	219	9250	9180	1608	7487	771	992	922	2685
channel_366_read_61	61	2126	2202	65	1842	121	163	239	523
channel_61_read_34	34	6718	6515	122	5460	459	799	596	1854
channel_211_read_35	35	2718	2719	17	2220	221	277	278	776
channel_283_read_37	37	3720	4052	178	3221	270	229	561	1060
channel_289_read_90	90	5043	4823	89	4208	289	546	326	1161
channel_90_read_17	17	5282	5067	104	4501	255	526	311	1092
channel_353_read_9	9	3894	3857	124	3174	290	430	393	1113
channel_366_read_69	69	3432	3291	17	2898	188	346	205	739
channel_490_read_36	36	2538	2650	6576	2001	247	290	402	939
channel_55_read_135	135	2901	2785	44	2414	184	303	187	674
channel_148_read_169	169	3685	3629	3066	3024	245	416	360	1021
channel_441_read_17	17	8650	8488	12	7080	678	892	730	2300
channel_390_read_164	164	8289	9182	220	7137	565	587	1480	2632
channel_311_read_124	124	6040	5967	5684	5023	408	609	536	1553
channel_63_read_198	198	1738	1884	420	1394	160	184	330	674
channel_226_read_153	153	7637	7392	2390	6250	518	869	624	2011
channel_311_read_129	129	2638	2695	1497	2291	167	180	237	584
channel_30_read_40	40	7355	7747	14153	6079	609	667	1059	2335
channel_148_read_165	165	9342	8958	3	7796	508	1038	654	2200
channel_440_read_124	124	4193	3974	20	3374	293	526	307	1126
channel_47_read_103	103	1503	1512	2608	1167	162	174	183	519
channel_370_read_146	146	3946	3942	2661	3227	271	448	444	1163
channel_298_read_117	117	7256	7021	16	6118	403	735	500	1638
channel_404_read_31	31	1948	1894	270	1567	141	240	186	567
channel_218_read_69	69	12688	12307	154	10553	812	1323	942	3077
channel_417_read_25	25	2800	2790	2603	2179	280	341	331	952
channel_480_read_133	133	4585	4468	49	3815	273	497	380	1150
channel_275_read_134	134	6128	5833	1302	4851	459	818	523	1800
channel_46_read_13	13	6177	6007	1795	5050	431	696	526	1653
channel_253_read_118	118	5216	4957	1752	4331	322	563	304	1189
channel_42_read_273	273	1728	1778	94	1432	136	160	210	506
channel_365_read_81	81	1297	1201	65	1060	90	147	51	288
channel_59_read_108	108	182	210	8323	150	22	10	38	70
channel_42_read_276	276	1405	1542	708	1158	130	117	254	501
channel_63_read_294	294	2720	2893	35	2188	277	255	428	960
channel_253_read_116	116	3564	3346	612	2785	277	502	284	1063
channel_131_read_9	9	1342	1382	20	1121	104	117	157	378
channel_46_read_91	91	1386	1419	1280	1084	151	151	184	486
channel_50_read_28	28	1272	1285	838	1031	126	115	128	369
channel_4_read_14	14	9750	9270	132	8086	570	1094	614	2278
channel_309_read_175	175	558	570	1945	474	36	48	60	144
channel_477_read_124	124	6108	5804	35	4905	431	772	468	1671
channel_477_read_123	123	100	113	8188	86	8	6	19	33
channel_89_read_72	72	3436	3273	66	2822	241	373	210	824
channel_445_read_228	228	2142	2035	16	1816	109	217	110	436
channel_4_read_13	13	815	806	1190	671	64	80	71	215
channel_311_read_71	71	4154	4123	2884	3230	376	548	517	1441
channel_314_read_40	40	5545	5347	2508	4581	388	576	378	1342
channel_378_read_14	14	3837	3681	2820	3205	205	427	271	903
channel_505_read_276	276	5594	5186	11	4678	261	655	247	1163
channel_451_read_36	36	2592	2548	5769	2137	176	279	235	690
channel_400_read_341	341	3988	4007	64	3255	304	429	448	1181
channel_480_read_92	92	44	42	14528	39	1	4	2	7
channel_498_read_116	116	3772	3668	93	3119	243	410	306	959
channel_154_read_28	28	4359	4296	45	3686	270	403	340	1013
channel_464_read_266	266	2774	2729	14	2308	177	289	244	710
channel_432_read_160	160	1352	1460	7121	1102	141	109	217	467
channel_174_read_154	154	6900	6502	277	5813	329	758	360	1447
channel_346_read_20	20	2692	2841	1187	2350	161	181	330	672
channel_466_read_62	62	13109	12395	306	10479	915	1715	1001	3631
channel_489_read_9	9	3375	3175	3087	2775	186	414	214	814
channel_143_read_97	97	6026	6016	2720	4785	576	665	655	1896
channel_432_read_168	168	991	959	1338	827	73	91	59	223
channel_268_read_165	165	751	730	2559	589	60	102	81	243
channel_224_read_18	18	606	631	7310	463	78	65	90	233
channel_431_read_82	82	5074	4903	4591	4259	299	516	345	1160
channel_201_read_266	266	2134	2008	533	1787	101	246	120	467
channel_426_read_110	110	7789	7758	11	6708	416	665	634	1715
channel_183_read_43	43	2401	2271	116	1972	153	276	146	575
channel_464_read_297	297	3638	3572	838	2942	271	425	359	1055
channel_46_read_23	23	198	208	3629	158	23	17	27	67
channel_156_read_143	143	3253	2932	3404	2428	230	595	274	1099
channel_230_read_12	12	3036	2855	4743	2362	242	432	251	925
channel_406_read_139	139	3611	3386	41	2842	282	487	262	1031
channel_18_read_35	35	10349	10121	19	8601	667	1081	853	2601
channel_285_read_74	74	9364	9311	4090	7639	701	1024	971	2696
channel_46_read_227	227	2889	2840	69	2437	194	258	209	661
channel_275_read_272	272	6142	5925	69	5240	310	592	375	1277
channel_275_read_270	270	2415	2299	10	2126	70	219	103	392
channel_469_read_195	195	1970	1694	3179	1460	131	379	103	613
channel_275_read_171	171	2022	2018	66	1717	129	176	172	477
channel_338_read_177	177	4657	4436	1531	3807	299	551	330	1180
channel_57_read_24	24	5543	5452	15	4666	348	529	438	1315
channel_35_read_53	53	4586	4487	68	3630	398	558	459	1415
channel_61_read_47	47	7944	8634	5396	6611	677	656	1346	2679
channel_391_read_151	151	3171	3023	84	2505	247	419	271	937
channel_230_read_42	42	194	191	13899	149	21	24	21	66
channel_354_read_26	26	3499	3629	36	2918	266	315	445	1026
channel_354_read_32	32	13610	13145	62	11806	595	1209	744	2548
channel_130_read_96	96	2641	2554	56	2198	162	281	194	637
channel_472_read_62	62	3699	3793	10626	3029	359	311	405	1075
channel_354_read_37	37	6878	6691	7	5844	370	664	477	1511
channel_507_read_153	153	4781	4463	5	3908	290	583	265	1138
channel_314_read_204	204	2656	2516	84	2201	152	303	163	618
channel_428_read_37	37	8211	7831	13	6970	421	820	440	1681
channel_394_read_172	172	4854	4627	54	3811	401	642	415	1458
channel_174_read_212	212	2255	2485	2122	1944	165	146	376	687
channel_223_read_98	98	215	203	29273	161	22	32	20	74
channel_55_read_23	23	6929	6923	131	5815	455	659	653	1767
channel_386_read_78	78	6203	6479	69	5047	571	585	861	2017
channel_338_read_22	22	5654	6760	1739	4975	420	259	1365	2044
channel_471_read_124	124	5777	5857	3273	4524	595	658	738	1991
channel_354_read_220	220	5318	5303	229	4573	292	453	438	1183
channel_386_read_71	71	3641	3686	2641	3021	272	348	393	1013
channel_364_read_37	37	1390	1363	1521	1128	111	151	124	386
channel_308_read_32	32	390	417	3330	341	28	21	48	97
channel_451_read_49	49	5342	5609	2135	4545	395	402	669	1466
channel_406_read_290	290	2123	2002	64	1755	123	245	124	492
channel_489_read_263	263	2391	2526	1275	2109	142	140	275	557
channel_18_read_97	97	8667	8565	62	7301	527	839	737	2103
channel_436_read_11	11	5273	5246	4273	4695	222	356	329	907
channel_387_read_257	257	2847	2751	26	2420	157	270	174	601
channel_12_read_181	181	3167	3021	54	2544	242	381	235	858
channel_55_read_251	251	5624	5461	403	4746	316	562	399	1277
channel_480_read_209	209	93	96	2876	76	10	7	10	27
channel_301_read_4	4	1870	1893	605	1509	163	198	221	582
channel_503_read_237	237	3575	4105	6592	3149	231	195	725	1151
channel_330_read_248	248	210	201	13530	161	13	36	27	76
channel_503_read_235	235	462	533	1452	374	49	39	110	198
channel_255_read_34	34	1247	1178	932	926	126	195	126	447
channel_400_read_227	227	8587	8160	32	6934	546	1107	680	2333
channel_490_read_100	100	1018	1029	3429	778	112	128	139	379
channel_255_read_30	30	7333	7047	16	5815	546	972	686	2204
channel_138_read_109	109	173	181	2325	150	9	14	22	45
channel_285_read_138	138	3094	2972	2706	2695	133	266	144	543
channel_297_read_167	167	7157	6933	29	6213	294	650	426	1370
channel_52_read_118	118	368	379	6460	309	27	32	43	102
channel_90_read_39	39	4059	4070	33	3542	209	308	319	836
channel_373_read_220	220	1413	1382	1936	1130	108	175	144	427
channel_472_read_267	267	2294	2184	185	1883	127	284	174	585
channel_472_read_265	265	4177	4190	95	3535	268	374	387	1029
channel_482_read_61	61	1688	1762	18	1442	117	129	203	449
channel_51_read_55	55	1878	1883	3669	1569	116	193	198	507
channel_416_read_55	55	9485	8995	116	7726	610	1149	659	2418
channel_464_read_53	53	9704	9154	39	8068	538	1098	548	2184
channel_453_read_27	27	3879	3783	37	3234	237	408	312	957
channel_314_read_195	195	6328	6905	158	5484	430	414	991	1835
channel_350_read_25	25	1907	1969	1786	1546	166	195	257	618
channel_373_read_243	243	7844	7559	391	6575	468	801	516	1785
channel_356_read_15	15	4679	4714	3436	3711	418	550	585	1553
channel_356_read_16	16	11673	11344	1878	9526	793	1354	1025	3172
channel_195_read_318	318	4951	4829	61	4190	296	465	343	1104
channel_330_read_244	244	829	800	32	734	25	70	41	136
channel_370_read_75	75	7639	7300	50	6340	452	847	508	1807
channel_431_read_60	60	7432	7257	334	6267	438	727	552	1717
channel_355_read_133	133	1879	1918	60	1517	158	204	243	605
channel_482_read_68	68	2870	2763	41	2432	147	291	184	622
channel_130_read_150	150	1829	1910	1785	1490	153	186	267	606
channel_129_read_86	86	1113	1080	232	886	87	140	107	334
channel_499_read_12	12	8453	8214	97	7098	501	854	615	1970
channel_474_read_114	114	1819	1709	133	1391	168	260	150	578
channel_475_read_249	249	2852	2735	14	2381	150	321	204	675
channel_54_read_60	60	3179	3130	147	2566	246	367	318	931
channel_156_read_148	148	4241	4248	5485	3405	375	461	468	1304
channel_255_read_81	81	7493	7346	1134	5977	615	901	754	2270
channel_350_read_90	90	15892	16480	51	13699	1002	1191	1779	3972
channel_267_read_45	45	2713	2823	126	2190	244	279	389	912
channel_471_read_49	49	1661	1673	2071	1407	117	137	149	403
channel_311_read_164	164	5046	4507	1072	3837	373	836	297	1506
channel_416_read_136	136	2367	2454	17540	1882	219	266	353	838
channel_356_read_100	100	4505	4336	25	3914	182	409	240	831
channel_138_read_239	239	2758	3119	3837	2461	171	126	487	784
channel_366_read_80	80	1770	2101	7021	1508	171	91	422	684
channel_469_read_145	145	6950	6756	24	6007	344	599	405	1348
channel_491_read_138	138	2393	2363	35	1884	208	301	271	780
channel_89_read_2	2	698	742	1360	569	72	57	101	230
channel_467_read_60	60	2832	2904	27	2392	183	257	329	769
channel_311_read_169	169	3909	3786	1774	3271	234	404	281	919
channel_476_read_282	282	5620	5387	69	4849	242	529	296	1067
channel_314_read_64	64	1214	1437	4495	1034	108	72	295	475
channel_366_read_15	15	2108	2081	125	1684	170	254	227	651
channel_154_read_148	148	5106	4938	417	4323	265	518	350	1133
channel_366_read_11	11	5547	5428	66	4589	384	574	455	1413
channel_341_read_67	67	6148	6208	76	5181	400	567	627	1594
channel_211_read_20	20	1658	1850	179	1401	138	119	311	568
channel_274_read_109	109	4203	4002	3536	3394	250	559	358	1167
channel_391_read_149	149	721	673	1606	550	61	110	62	233
channel_217_read_180	180	3891	4019	711	3148	327	416	544	1287
channel_445_read_214	214	3262	3197	157	2820	144	298	233	675
channel_292_read_97	97	7858	7563	22	6324	562	972	677	2211
channel_68_read_154	154	74	68	1520	62	2	10	4	16
channel_287_read_242	242	913	965	80	749	87	77	129	293
channel_283_read_116	116	494	550	2825	396	62	36	92	190
channel_370_read_174	174	4383	4260	246	3608	288	487	364	1139
channel_218_read_52	52	4495	4377	2837	3830	221	444	326	991
channel_90_read_38	38	5969	5794	1786	5086	295	588	413	1296
channel_129_read_88	88	4462	4531	49	3579	373	510	579	1462
channel_230_read_22	22	2834	2796	2470	2300	221	313	275	809
channel_195_read_356	356	5953	5821	26	5199	231	523	391	1145
channel_154_read_63	63	4980	5331	6313	4323	308	349	700	1357
channel_470_read_21	21	103	115	5716	87	13	3	15	31
channel_290_read_137	137	6362	6077	72	5455	283	624	339	1246
channel_403_read_87	87	2150	2326	2190	1780	174	196	372	742
channel_350_read_88	88	2163	2072	7	1899	82	182	91	355
channel_356_read_114	114	38	40	3708	36	0	2	4	6
channel_356_read_115	115	4315	4407	683	3579	312	424	516	1252
channel_275_read_257	257	1196	1151	3934	933	96	167	122	385
channel_319_read_299	299	2184	2171	65	1919	93	172	159	424
channel_399_read_99	99	291	298	20006	235	31	25	32	88
channel_275_read_256	256	4079	4107	101	3479	216	384	412	1012
channel_350_read_31	31	2291	2228	101	1972	117	202	139	458
channel_426_read_90	90	2016	2085	6013	1704	154	158	227	539
channel_319_read_266	266	2625	2746	3636	2031	318	276	397	991
channel_156_read_102	102	10452	10472	17	9173	511	768	788	2067
channel_290_read_115	115	104	122	4067	91	8	5	23	36
channel_149_read_14	14	6732	6706	3950	5479	517	736	710	1963
channel_451_read_137	137	6230	5878	120	5054	394	782	430	1606
channel_400_read_45	45	3372	3338	245	2778	252	342	308	902
channel_275_read_239	239	6284	6462	246	5151	533	600	778	1911
channel_27_read_41	41	1341	1352	7	1176	63	102	113	278
channel_292_read_261	261	4247	4308	1950	3605	283	359	420	1062
channel_406_read_228	228	4953	4840	67	4212	274	467	354	1095
channel_27_read_42	42	5544	5285	5	4659	286	599	340	1225
channel_490_read_61	61	1656	1698	4404	1291	178	187	229	594
channel_483_read_56	56	7051	6762	5153	5568	578	905	616	2099
channel_55_read_165	165	2558	2733	146	2102	226	230	405	861
channel_5_read_22	22	4368	4363	200	3577	347	444	439	1230
channel_274_read_219	219	5725	6097	406	4917	402	406	778	1586
channel_53_read_117	117	3140	3134	552	2615	213	312	306	831
channel_346_read_19	19	8823	8760	21	7625	459	739	676	1874
channel_498_read_120	120	9932	9742	116	8297	639	996	806	2441
channel_341_read_100	100	3014	3262	447	2537	242	235	483	960
channel_445_read_106	106	1443	1604	8785	1170	144	129	290	563
channel_304_read_112	112	733	748	1855	596	58	79	94	231
channel_76_read_101	101	6912	6837	31	5921	371	620	545	1536
channel_318_read_40	40	2880	2813	1822	2401	186	293	226	705
channel_304_read_118	118	11909	11563	128	10167	579	1163	817	2559
channel_473_read_173	173	1444	1522	4281	1170	122	152	230	504
channel_139_read_13	13	7304	7419	1509	5959	653	692	807	2152
channel_494_read_29	29	5996	6052	1613	4972	473	551	607	1631
channel_448_read_10	10	168	159	12623	128	18	22	13	53
channel_400_read_156	156	4952	5032	2956	4078	382	492	572	1446
channel_55_read_76	76	9640	9390	9	8188	535	917	667	2119
channel_478_read_155	155	4924	4477	1553	3786	334	804	357	1495
channel_428_read_52	52	6510	6462	169	5425	463	622	574	1659
channel_18_read_33	33	1352	1410	88	1131	117	104	162	383
channel_502_read_35	35	3260	3122	27	2826	127	307	169	603
channel_502_read_32	32	5002	5174	68	4170	386	446	618	1450
channel_498_read_66	66	4034	3917	3827	3384	234	416	299	949
channel_301_read_181	181	3101	2989	17	2702	120	279	167	566
channel_482_read_104	104	5321	5204	8	4700	220	401	284	905
channel_482_read_100	100	5675	5524	4	4909	281	485	334	1100
channel_482_read_103	103	3800	3730	33	3249	197	354	284	835
channel_210_read_143	143	1148	1210	1185	915	114	119	181	414
channel_471_read_160	160	3239	3463	722	2765	228	246	470	944
channel_403_read_100	100	6329	6247	1152	4943	572	814	732	2118
channel_467_read_83	83	3431	3353	259	2949	177	305	227	709
channel_471_read_165	165	140	136	8082	110	13	17	13	43
channel_365_read_14	14	6402	6259	8163	5320	446	636	493	1575
channel_338_read_69	69	1011	1130	934	842	89	80	199	368
channel_338_read_68	68	1519	1640	555	1297	112	110	231	453
channel_378_read_53	53	331	318	10028	244	38	49	36	123
channel_481_read_79	79	2869	3218	4971	2358	269	242	591	1102
channel_239_read_107	107	3521	3533	6992	2764	312	445	457	1214
channel_309_read_251	251	3434	3603	540	2899	245	290	459	994
channel_301_read_166	166	3309	3382	67	2953	141	215	288	644
channel_487_read_88	88	6015	5944	3017	4883	448	684	613	1745
channel_309_read_252	252	4223	4608	10568	3584	333	306	691	1330
channel_301_read_163	163	1906	1678	5846	1375	152	379	151	682
channel_12_read_123	123	7116	7000	1572	5720	581	815	699	2095
channel_229_read_36	36	1022	1112	8629	811	101	110	200	411
channel_458_read_77	77	2446	2682	8445	1951	282	213	449	944
channel_270_read_165	165	1750	1686	21	1465	96	189	125	410
channel_270_read_166	166	680	610	1	571	23	86	16	125
channel_282_read_86	86	1619	1564	664	1302	116	201	146	463
channel_323_read_15	15	17056	17098	571	14412	1158	1486	1528	4172
channel_231_read_201	201	43	41	1459	38	3	2	0	5
channel_58_read_123	123	602	678	7923	478	77	47	123	247
channel_267_read_33	33	2677	2755	6	2164	238	275	353	866
channel_265_read_23	23	162	172	6443	139	13	10	20	43
channel_316_read_104	104	12505	12120	24	10592	672	1241	856	2769
channel_442_read_122	122	4669	4477	36	3844	287	538	346	1171
channel_478_read_91	91	9159	8891	45	7682	527	950	682	2159
channel_131_read_36	36	1339	1283	8	1121	74	144	88	306
channel_17_read_49	49	7850	8246	3766	6493	666	691	1087	2444
channel_294_read_15	15	1492	1505	2059	1205	123	164	177	464
channel_387_read_281	281	3036	2911	24	2500	192	344	219	755
channel_471_read_116	116	55	59	1483	49	4	2	6	12
channel_139_read_114	114	4926	4743	48	4115	288	523	340	1151
channel_387_read_284	284	5592	5289	7	4698	286	608	305	1199
channel_3_read_141	141	4400	4168	36	3632	257	511	279	1047
channel_387_read_286	286	4398	4454	1895	3541	383	474	530	1387
channel_3_read_143	143	275	245	6939	200	29	46	16	91
channel_387_read_288	288	5171	5312	61	4446	331	394	535	1260
channel_365_read_43	43	5481	5368	4392	4473	399	609	496	1504
channel_445_read_197	197	2497	2437	21	2130	135	232	172	539
channel_353_read_112	112	7588	7599	3739	6021	680	887	898	2465
channel_354_read_160	160	7595	7311	3	6382	416	797	513	1726
channel_46_read_193	193	1527	1499	1296	1191	141	195	167	503
channel_35_read_69	69	1794	1815	165	1461	154	179	200	533
channel_174_read_165	165	4036	4093	28	3449	241	346	403	990
channel_391_read_122	122	12682	12333	61	10647	748	1287	938	2973
channel_290_read_21	21	1939	1919	30	1610	130	199	179	508
channel_391_read_126	126	8213	7928	34	7084	393	736	451	1580
channel_217_read_283	283	7251	7048	6261	5978	479	794	591	1864
channel_338_read_143	143	8987	8693	139	7207	664	1116	822	2602
channel_332_read_68	68	6153	5955	39	5304	287	562	364	1213
channel_314_read_177	177	6986	6718	48	6009	290	687	419	1396
channel_473_read_92	92	2940	2875	206	2264	257	419	354	1030
channel_34_read_27	27	7067	7127	9	6018	455	594	654	1703
channel_381_read_116	116	2070	1975	91	1777	101	192	97	390
channel_479_read_134	134	4912	4652	28	4040	288	584	324	1196
channel_274_read_141	141	4456	4270	3097	3566	322	568	382	1272
channel_53_read_35	35	4459	4377	62	3640	317	502	420	1239
channel_386_read_133	133	70	72	8594	58	9	3	5	17
channel_48_read_132	132	132	136	14418	108	14	10	14	38
channel_314_read_227	227	3209	3219	8076	2639	229	341	351	921
channel_154_read_170	170	3107	3038	13	2667	155	285	216	656
channel_451_read_10	10	16029	16567	1058	13775	1051	1203	1741	3995
channel_38_read_42	42	6066	5802	41	4910	400	756	492	1648
channel_471_read_16	16	11853	11568	69	9650	873	1330	1045	3248
channel_366_read_103	103	13757	13255	456	11681	720	1356	854	2930
channel_373_read_233	233	4147	3954	6	3537	184	426	233	843
channel_138_read_141	141	2797	2629	55	2280	166	351	183	700
channel_451_read_146	146	2348	2196	22	1862	165	321	169	655
channel_355_read_108	108	2940	2780	1659	2288	231	421	261	913
channel_330_read_294	294	4499	4781	4576	3683	426	390	672	1488
channel_285_read_116	116	2557	2595	45	2181	163	213	251	627
channel_138_read_144	144	7851	7409	15	6390	495	966	524	1985
channel_155_read_50	50	1468	1627	2482	1210	127	131	290	548
channel_155_read_53	53	3985	3839	4765	3286	252	447	301	1000
channel_204_read_20	20	6018	6000	127	5044	413	561	543	1517
channel_89_read_45	45	4701	4442	6993	3563	431	707	448	1586
channel_282_read_18	18	2503	2822	13616	2094	239	170	489	898
channel_309_read_220	220	10794	10576	34	9517	433	844	626	1903
channel_154_read_180	180	2201	2137	20	1892	97	212	148	457
channel_302_read_15	15	4326	4228	54	3582	303	441	343	1087
channel_451_read_212	212	952	892	2575	705	81	166	106	353
channel_366_read_51	51	2891	2971	4400	2326	242	323	403	968
channel_418_read_105	105	2349	2642	2013	2002	197	150	443	790
channel_464_read_33	33	2144	2181	11905	1632	225	287	324	836
channel_464_read_194	194	1249	1172	3119	960	106	183	106	395
channel_192_read_95	95	6749	6990	1572	5575	533	641	882	2056
channel_148_read_82	82	13300	12630	60	11139	686	1475	805	2966
channel_416_read_138	138	1264	1225	1338	999	92	173	134	399
channel_464_read_198	198	4161	4142	576	3441	295	425	406	1126
channel_67_read_57	57	600	627	2190	474	67	59	86	212
channel_442_read_196	196	2163	2153	54	1802	155	206	196	557
channel_39_read_227	227	1861	1879	176	1547	152	162	180	494
channel_309_read_66	66	3459	3367	98	2785	251	423	331	1005
channel_397_read_77	77	3415	3207	7715	2615	269	531	323	1123
channel_509_read_86	86	2749	2816	45	2376	152	221	288	661
channel_289_read_72	72	7831	7748	19413	6332	640	859	776	2275
channel_211_read_128	128	10172	9823	3	8718	484	970	621	2075
channel_217_read_137	137	476	514	2742	373	44	59	97	200
channel_475_read_125	125	9072	8539	279	7452	508	1112	579	2199
channel_63_read_238	238	3307	3231	1026	2710	225	372	296	893
channel_489_read_76	76	1562	1617	5649	1284	141	137	192	470
channel_462_read_32	32	1531	1515	121	1277	108	146	130	384
channel_272_read_4	4	3150	3151	7081	2501	300	349	350	999
channel_277_read_42	42	532	539	20253	409	62	61	68	191
channel_284_read_110	110	4239	4071	32	3645	184	410	242	836
channel_445_read_247	247	3076	2987	18	2725	96	255	166	517
channel_388_read_94	94	19452	19292	2431	16681	1075	1696	1536	4307
channel_388_read_97	97	2962	2871	4	2648	88	226	135	449
channel_284_read_111	111	3678	3638	107	3007	294	377	337	1008
channel_445_read_243	243	1379	1402	25	1236	58	85	108	251
channel_18_read_134	134	1692	1589	5	1438	64	190	87	341
channel_166_read_134	134	5801	5536	52	4987	245	569	304	1118
channel_129_read_95	95	3581	3690	6369	2805	357	419	528	1304
channel_476_read_181	181	2985	2819	20	2459	176	350	184	710
channel_42_read_168	168	6013	5715	134	4919	370	724	426	1520
channel_138_read_71	71	3918	4113	5143	3157	346	415	610	1371
channel_248_read_137	137	7994	7658	100	6824	351	819	483	1653
