query	read_type	read_len	align_len	unalign_len	matches	mismatches	insertions	deletions	tot_errors
channel_442_read_14	14	11235	11099	76	8728	1632	875	739	3246
channel_138_read_216	216	10367	10136	6	8744	867	756	525	2148
channel_381_read_34	34	1584	1522	17	1283	152	149	87	388
channel_311_read_65	65	5222	5109	94	4012	761	449	336	1546
channel_505_read_288	288	4817	5137	29	3580	950	287	607	1844
channel_230_read_50	50	6664	6424	64	5568	587	509	269	1365
channel_475_read_81	81	1748	1646	33	1323	219	206	104	529
channel_258_read_67	67	5518	6714	3366	4257	1105	156	1352	2613
channel_154_read_32	32	2623	2656	100	1832	600	191	224	1015
channel_490_read_136	136	6027	5518	86	3808	1343	876	367	2586
channel_464_read_271	271	7232	7202	8	5621	1087	524	494	2105
channel_475_read_157	157	3484	3309	27	2784	364	336	161	861
channel_10_read_242	242	2983	2984	0	2440	344	199	200	743
channel_258_read_47	47	3581	3826	77	2760	595	226	471	1292
channel_138_read_219	219	5076	4873	19	4194	431	451	248	1130
channel_421_read_68	68	6529	6960	17	5532	736	261	692	1689
channel_466_read_70	70	8021	7700	23	6576	754	691	370	1815
channel_282_read_133	133	2988	3004	27	2507	311	170	186	667
channel_284_read_83	83	2393	2244	17	1837	296	260	111	667
channel_230_read_113	113	7148	7963	27	5662	1144	342	1157	2643
channel_372_read_55	55	4281	4058	1	3592	337	352	129	818
channel_391_read_176	176	4754	4597	5	3516	786	452	295	1533
channel_466_read_79	79	1933	1974	34	1499	295	139	180	614
channel_406_read_123	123	8522	8386	7	6555	1257	710	574	2541
channel_285_read_69	69	3736	4002	96	2443	1032	261	527	1820
channel_146_read_55	55	4791	4540	8798	3080	1103	608	357	2068
channel_48_read_41	41	9447	8937	67	7075	1434	938	428	2800
channel_46_read_42	42	4316	4179	59	3316	617	383	246	1246
channel_387_read_137	137	8990	9257	2500	5785	2377	828	1095	4300
channel_27_read_36	36	8546	8824	11	6457	1532	557	835	2924
channel_195_read_192	192	10543	10229	4	8678	1000	865	551	2416
channel_195_read_194	194	6468	6281	26	5297	681	490	303	1474
channel_387_read_130	130	1144	1165	73	934	134	76	97	307
channel_341_read_48	48	7613	8118	410	5170	1918	525	1030	3473
channel_390_read_106	106	1354	1336	6	1167	108	79	61	248
channel_479_read_60	60	12722	12619	99	8198	3230	1294	1191	5715
channel_315_read_4	4	4468	4242	62	2853	1072	543	317	1932
channel_132_read_61	61	1648	1941	5	1409	195	44	337	576
channel_46_read_235	235	4681	4634	8	3717	586	378	331	1295
channel_193_read_140	140	2396	2382	12	1858	355	183	169	707
channel_495_read_2	2	1919	1872	200	1555	218	146	99	463
channel_160_read_29	29	13224	13265	56	10496	1807	921	962	3690
channel_354_read_198	198	4815	4101	5114	3233	710	872	158	1740
channel_415_read_13	13	2872	2789	27	2078	507	287	204	998
channel_35_read_26	26	6154	5905	18	4929	669	556	307	1532
channel_12_read_177	177	2109	2306	10	1578	410	121	318	849
channel_275_read_140	140	1933	1798	147	1417	292	224	89	605
channel_195_read_173	173	4269	4275	41	3237	716	316	322	1354
channel_295_read_80	80	543	555	2515	369	122	52	64	238
channel_506_read_71	71	4535	4523	5165	3962	337	236	224	797
channel_239_read_118	118	4928	5101	807	3692	893	343	516	1752
channel_314_read_92	92	2785	2810	14	2127	473	185	210	868
channel_471_read_128	128	3034	2963	15	2556	257	221	150	628
channel_195_read_276	276	1581	1533	15	1302	157	122	74	353
channel_34_read_147	147	3493	3425	51	2793	418	282	214	914
channel_330_read_61	61	2247	2678	5480	1589	581	77	508	1166
channel_176_read_11	11	1304	1197	800	832	272	200	93	565
channel_381_read_82	82	10102	9919	10	8790	691	621	438	1750
channel_507_read_147	147	5859	5726	65	4964	499	396	263	1158
channel_314_read_218	218	10358	9764	34	8691	731	936	342	2009
channel_155_read_107	107	2001	2046	30	1514	344	143	188	675
channel_507_read_143	143	4126	3836	43	3295	413	418	128	959
channel_391_read_14	14	14875	15710	12	12745	1574	556	1391	3521
channel_482_read_134	134	10824	10554	129	8773	1220	831	561	2612
channel_487_read_58	58	5715	5645	23	4699	610	406	336	1352
channel_394_read_186	186	2609	2985	63	1864	627	118	494	1239
channel_432_read_31	31	8544	8173	212	5482	2037	1025	654	3716
channel_482_read_133	133	5839	5722	6	5107	386	346	229	961
channel_157_read_16	16	5549	5672	5957	3597	1456	496	619	2571
channel_139_read_157	157	9827	9343	34	8183	776	868	384	2028
channel_195_read_288	288	5129	5202	19	4249	584	296	369	1249
channel_387_read_65	65	8299	9337	42	6801	1230	268	1306	2804
channel_139_read_154	154	4309	3938	2	3335	453	521	150	1124
channel_258_read_13	13	7043	6506	31	4464	1594	985	448	3027
channel_129_read_91	91	2349	2133	100	1585	440	324	108	872
channel_270_read_143	143	2476	2462	65	2001	309	166	152	627
channel_373_read_90	90	4709	4937	214	3377	994	338	566	1898
channel_206_read_8	8	8041	8100	5	6483	1020	538	597	2155
channel_3_read_119	119	5568	5535	12	4538	641	389	356	1386
channel_354_read_232	232	3957	3856	36	3402	278	277	176	731
channel_315_read_22	22	2063	2755	2071	1733	299	31	723	1053
channel_311_read_19	19	2405	2472	68	1970	293	142	209	644
channel_374_read_124	124	3504	3472	154	2396	760	348	316	1424
channel_12_read_84	84	2459	2488	213	1843	430	186	215	831
channel_387_read_262	262	2389	2348	113	1881	309	199	158	666
channel_195_read_306	306	3741	3562	10	3107	316	318	139	773
channel_277_read_37	37	5051	4943	123	4225	477	349	241	1067
channel_480_read_217	217	5288	5268	87	3679	1113	496	476	2085
channel_458_read_25	25	8892	8381	344	5473	2269	1150	639	4058
channel_306_read_55	55	6398	6348	24	5431	574	393	343	1310
channel_317_read_167	167	1891	1978	3043	1210	555	126	213	894
channel_398_read_85	85	5097	5412	373	3510	1229	358	673	2260
channel_155_read_64	64	3249	3068	97	2691	246	312	131	689
channel_400_read_332	332	3569	3534	8	2916	376	277	242	895
channel_445_read_18	18	7428	7817	4	6085	1013	330	719	2062
channel_323_read_112	112	5036	5460	48	4242	596	198	622	1416
channel_400_read_336	336	4470	4256	56	3684	383	403	189	975
channel_415_read_62	62	4669	4390	28	3772	425	472	193	1090
channel_472_read_30	30	5332	5197	51	4350	574	408	273	1255
channel_338_read_180	180	7628	7191	9	6230	642	756	319	1717
channel_297_read_153	153	641	665	37	536	68	37	61	166
channel_472_read_157	157	3941	4162	23	3046	642	253	474	1369
channel_112_read_108	108	6710	6501	114	4702	1318	690	481	2489
channel_138_read_135	135	4633	4406	13	3631	562	440	213	1215
channel_419_read_157	157	1916	2156	29	1625	240	51	291	582
channel_377_read_15	15	7031	7015	5	5554	965	512	496	1973
channel_482_read_75	75	8282	7661	13	6279	1053	950	329	2332
channel_268_read_231	231	10433	10159	3	8516	1091	826	552	2469
channel_403_read_3	3	4513	4606	109	3515	692	306	399	1397
channel_394_read_162	162	1911	1943	1	1511	264	136	168	568
channel_382_read_66	66	1641	1546	61	1271	200	170	75	445
channel_354_read_153	153	8135	7858	21	6204	1187	744	467	2398
channel_70_read_8	8	4436	4462	61	3511	652	273	299	1224
channel_416_read_49	49	2336	2343	209	1770	381	185	192	758
channel_351_read_36	36	7888	7611	32	6324	883	681	404	1968
channel_92_read_97	97	2431	2421	40	1934	322	175	165	662
channel_476_read_84	84	7951	7982	41	6655	796	500	531	1827
channel_381_read_116	116	2078	1983	83	1756	155	167	72	394
channel_445_read_83	83	3083	3058	107	2428	430	225	200	855
channel_356_read_29	29	3064	2956	35	2363	402	299	191	892
channel_467_read_97	97	2360	2253	40	1919	235	206	99	540
channel_42_read_88	88	7348	7678	380	5041	1753	554	884	3191
channel_461_read_215	215	4577	4461	25	3705	501	371	255	1127
channel_402_read_65	65	4541	4727	28	3883	423	235	421	1079
channel_451_read_254	254	5282	5129	11	4406	461	415	262	1138
channel_451_read_257	257	2025	2016	33	1664	232	129	120	481
channel_18_read_205	205	2806	3007	121	2327	369	110	311	790
channel_156_read_183	183	5722	5487	6	4681	545	496	261	1302
channel_351_read_17	17	5803	5515	13	4532	730	541	253	1524
channel_434_read_37	37	4186	4062	17	3404	464	318	194	976
channel_370_read_177	177	5997	5747	27	5082	431	484	234	1149
channel_156_read_187	187	2775	2648	81	2059	436	280	153	869
channel_283_read_6	6	11943	12164	25	9365	1828	750	971	3549
channel_104_read_129	129	11140	10814	92	7259	2640	1241	915	4796
channel_473_read_208	208	3351	3396	23	2506	574	271	316	1161
channel_255_read_11	11	3029	3501	2490	2128	782	119	591	1492
channel_308_read_125	125	4966	5868	229	3857	904	205	1107	2216
channel_355_read_98	98	8087	8897	212	5527	2045	515	1325	3885
channel_154_read_126	126	2476	2321	35	2028	202	246	91	539
channel_434_read_100	100	1478	1439	18	1254	103	121	82	306
channel_311_read_174	174	9679	9290	2	7813	984	882	493	2359
channel_397_read_38	38	2592	2625	31	1896	523	173	206	902
channel_471_read_57	57	8053	7967	27	5978	1387	688	602	2677
channel_148_read_133	133	7170	6758	20	5625	816	729	317	1862
channel_148_read_132	132	2589	2487	11	2172	206	211	109	526
channel_226_read_141	141	9851	9469	11	7464	1406	981	599	2986
channel_386_read_24	24	3155	3236	29	2687	321	147	228	696
channel_112_read_90	90	9720	10245	77	7234	1839	647	1172	3658
channel_469_read_156	156	1316	1312	12	1110	127	79	75	281
channel_496_read_27	27	4780	4685	13	3896	550	334	239	1123
channel_510_read_127	127	13074	13226	60	10724	1552	798	950	3300
channel_421_read_57	57	11279	11050	888	7182	2913	1184	955	5052
channel_253_read_28	28	7241	6944	42	5869	748	624	327	1699
channel_491_read_222	222	5018	4850	7	4237	409	372	204	985
channel_491_read_224	224	8802	8415	17	7418	652	732	345	1729
channel_268_read_149	149	7338	6971	4118	5372	1167	799	432	2398
channel_55_read_217	217	2325	2303	23	1939	232	154	132	518
channel_282_read_23	23	10665	10441	16	8119	1602	944	720	3266
channel_195_read_243	243	3501	3444	7	2827	437	237	180	854
channel_309_read_97	97	7856	7670	7414	6056	1054	746	560	2360
channel_253_read_54	54	11326	11063	26	9142	1319	865	602	2786
channel_378_read_47	47	9897	9593	7	8340	824	733	429	1986
channel_309_read_92	92	9219	9103	22	6794	1575	850	734	3159
channel_55_read_237	237	4903	4549	19669	2980	1257	666	312	2235
channel_445_read_203	203	12651	12514	4956	8015	3368	1268	1131	5767
channel_35_read_135	135	5751	5535	45	4701	577	473	257	1307
channel_156_read_178	178	1784	1618	18	1254	289	241	75	605
channel_427_read_37	37	7773	7439	102	5923	1097	753	419	2269
channel_442_read_148	148	5664	5415	8	4659	501	504	255	1260
channel_231_read_90	90	1076	1319	4405	828	216	32	275	523
channel_156_read_71	71	5551	5849	28	4541	737	273	571	1581
channel_302_read_115	115	1535	1766	5490	1061	422	52	283	757
channel_361_read_51	51	8741	8179	14	5479	2109	1153	591	3853
channel_47_read_128	128	5545	5271	18	4373	648	524	250	1422
channel_156_read_78	78	5209	5242	35	4423	468	318	351	1137
channel_85_read_87	87	15644	15637	29	11602	2754	1288	1281	5323
channel_47_read_124	124	3822	3861	66	2607	883	332	371	1586
channel_47_read_122	122	4931	4915	17	3661	868	402	386	1656
channel_319_read_198	198	7121	6875	17	5807	686	628	382	1696
channel_356_read_109	109	11519	10842	57	7278	2757	1484	807	5048
channel_398_read_138	138	9798	9539	31	7819	1152	827	568	2547
channel_319_read_204	204	909	894	19	777	67	65	50	182
channel_319_read_202	202	2469	2333	7	2073	167	229	93	489
channel_350_read_90	90	15892	16480	51	13407	1669	816	1404	3889
channel_67_read_26	26	9429	9384	16	7984	831	614	569	2014
channel_426_read_170	170	9476	9255	33	8199	642	635	414	1691
channel_506_read_220	220	6898	7999	2	5276	1358	264	1365	2987
channel_301_read_48	48	11238	11731	13	8767	1849	622	1115	3586
channel_270_read_179	179	4662	4556	47	3842	453	367	261	1081
channel_301_read_43	43	7724	9136	79	5694	1698	332	1744	3774
channel_301_read_42	42	1635	1531	19	1335	138	162	58	358
channel_217_read_234	234	1224	1279	32	868	276	80	135	491
channel_403_read_237	237	2427	2740	2449	1692	566	169	482	1217
channel_473_read_76	76	2247	2171	22	1614	388	245	169	802
channel_475_read_239	239	8299	8238	245	6182	1417	700	639	2756
channel_476_read_6	6	5596	5465	71	4534	618	444	313	1375
channel_274_read_205	205	8890	8499	10	7260	838	792	401	2031
channel_183_read_205	205	7083	6887	47	5996	604	483	287	1374
channel_55_read_155	155	7893	7801	44	6287	1019	587	495	2101
channel_359_read_80	80	4255	4161	10	3364	554	337	243	1134
channel_479_read_166	166	4643	4639	42	3814	539	290	286	1115
channel_282_read_39	39	1730	1708	11	1217	354	159	137	650
channel_416_read_103	103	8763	8790	29	6979	1191	593	620	2404
channel_248_read_141	141	1138	1122	62	960	110	68	52	230
channel_183_read_147	147	4763	5543	117	3517	1025	221	1001	2247
channel_292_read_215	215	3874	4061	56	2957	688	229	416	1333
channel_183_read_141	141	6179	5734	256	4540	911	728	283	1922
channel_315_read_19	19	9801	9386	15	8042	953	806	391	2150
channel_464_read_205	205	9372	11066	683	7094	1899	379	2073	4351
channel_46_read_111	111	4216	3998	3	3238	553	425	207	1185
channel_317_read_63	63	4091	4036	15	3016	721	354	299	1374
channel_195_read_137	137	1593	1519	45	1133	268	192	118	578
channel_390_read_88	88	3763	3633	44	3033	429	301	171	901
channel_494_read_114	114	4151	3980	24	3546	268	337	166	771
channel_382_read_63	63	12612	12599	42	9664	1891	1057	1044	3992
channel_259_read_32	32	1142	1425	1266	865	237	40	323	600
channel_195_read_340	340	5944	6001	79	4956	621	367	424	1412
channel_372_read_63	63	3296	3203	29	2675	379	242	149	770
channel_104_read_73	73	2415	2395	7	2021	244	150	130	524
channel_104_read_72	72	7575	7588	57	5718	1297	560	573	2430
channel_354_read_41	41	11298	10433	64	7065	2690	1543	678	4911
channel_426_read_93	93	3365	3324	1705	2105	923	337	296	1556
channel_476_read_125	125	6258	6800	9	4832	1136	290	832	2258
channel_495_read_71	71	4565	4385	27	3829	368	368	188	924
channel_473_read_63	63	6314	6369	19	4650	1135	529	584	2248
channel_311_read_5	5	16478	15933	109	10504	4169	1805	1260	7234
channel_290_read_53	53	4403	4971	283	3118	1082	203	771	2056
channel_373_read_1	1	9048	8998	9	7352	1092	604	554	2250
channel_476_read_128	128	2682	2648	62	2068	383	231	197	811
channel_477_read_66	66	10098	10237	133	7680	1651	767	906	3324
channel_394_read_118	118	9875	9736	46	7599	1446	830	691	2967
channel_158_read_52	52	8498	8939	80	6327	1617	554	995	3166
channel_156_read_102	102	10452	10472	17	9046	809	597	617	2023
channel_204_read_2	2	14099	14138	195	9048	3691	1360	1399	6450
channel_489_read_258	258	1770	1698	34	1399	195	176	104	475
channel_298_read_182	182	1694	1746	99	1225	350	119	171	640
channel_270_read_52	52	5941	5850	66	4540	914	487	396	1797
channel_386_read_22	22	13028	13163	648	10816	1493	719	854	3066
channel_415_read_68	68	6119	5933	48	5043	562	514	328	1404
channel_195_read_349	349	3275	3297	36	2814	268	193	215	676
channel_301_read_156	156	2675	2633	23	2312	216	147	105	468
channel_54_read_99	99	3307	3115	31	2550	401	356	164	921
channel_301_read_154	154	2497	2388	11	2115	186	196	87	469
channel_138_read_186	186	1572	1539	9	1332	134	106	73	313
channel_223_read_24	24	9709	9127	77	7384	1259	1066	484	2809
channel_270_read_176	176	7442	7250	25	6122	722	598	406	1726
channel_270_read_175	175	2888	2779	226	2184	426	278	169	873
channel_195_read_346	346	2364	2507	26	2028	240	96	239	575
channel_406_read_202	202	5923	5642	30	4750	598	575	294	1467
channel_287_read_187	187	1430	1593	397	1081	280	69	232	581
channel_419_read_105	105	8248	7995	43	7186	504	558	305	1367
channel_402_read_61	61	6367	5980	214	4077	1468	822	435	2725
channel_416_read_31	31	9677	10877	12999	6647	2356	674	1874	4904
channel_387_read_293	293	4956	4856	0	3888	655	413	313	1381
channel_404_read_33	33	4266	4238	64	3339	589	338	310	1237
channel_259_read_54	54	1591	1703	16	1206	301	84	196	581
channel_290_read_38	38	6299	6472	52	4550	1255	494	667	2416
channel_275_read_47	47	11494	12740	57	9251	1784	459	1705	3948
channel_489_read_246	246	7790	7552	5	6356	757	677	439	1873
channel_479_read_10	10	6617	6968	1240	4281	1796	540	891	3227
channel_442_read_201	201	7169	6897	55	5861	697	611	339	1647
channel_442_read_206	206	10325	10078	489	7675	1751	899	652	3302
channel_193_read_138	138	5429	5408	15	4263	758	408	387	1553
channel_218_read_159	159	1446	1499	820	1164	182	100	153	435
channel_141_read_36	36	6954	6946	23	5341	1076	537	529	2142
channel_141_read_37	37	14998	14374	10	11921	1728	1349	725	3802
channel_432_read_199	199	1893	1859	33	1389	318	186	152	656
channel_476_read_202	202	4014	3816	66	3100	483	431	233	1147
channel_472_read_187	187	3383	3557	278	2526	649	208	382	1239
channel_160_read_105	105	10168	10458	17	7696	1724	748	1038	3510
channel_314_read_94	94	4868	4628	40	4142	334	392	152	878
channel_472_read_181	181	11079	11436	12	8300	2052	727	1084	3863
channel_491_read_185	185	8865	8371	2	7373	679	813	319	1811
channel_505_read_302	302	2074	2232	16	1671	309	94	252	655
channel_319_read_92	92	2412	2514	48	2008	278	126	228	632
channel_314_read_227	227	11275	11122	10	8373	1978	924	771	3673
channel_10_read_227	227	4194	4077	14	3374	475	345	228	1048
channel_274_read_152	152	8374	8168	40	6648	1034	692	486	2212
channel_217_read_293	293	4983	4976	184	3409	1075	499	492	2066
channel_140_read_1	1	3085	3139	30	2402	470	213	267	950
channel_498_read_97	97	1848	1725	31	1450	204	194	71	469
channel_471_read_143	143	8768	8350	5	7262	780	726	308	1814
channel_2_read_155	155	5334	5180	30	4501	423	410	256	1089
channel_287_read_266	266	448	520	2658	327	100	21	93	214
channel_268_read_109	109	2338	2406	257	1645	495	198	266	959
channel_503_read_159	159	7576	7785	41	6137	978	461	670	2109
channel_354_read_8	8	18130	18666	25	15971	1383	776	1312	3471
channel_166_read_89	89	5041	5437	105	4100	681	260	656	1597
channel_129_read_163	163	4180	4054	12	3450	396	334	208	938
channel_370_read_55	55	8700	8578	8	6871	1155	674	552	2381
channel_129_read_161	161	6317	5824	276	3938	1491	888	395	2774
channel_373_read_225	225	5940	5796	12	4799	654	487	343	1484
channel_330_read_265	265	2426	2446	3	2064	228	134	154	516
channel_354_read_2	2	1941	1943	40	1701	145	95	97	337
channel_509_read_69	69	11679	10682	14586	8449	1723	1507	510	3740
channel_285_read_140	140	7122	7259	29	5838	849	435	572	1856
channel_359_read_97	97	7462	7165	13	5925	865	672	375	1912
channel_130_read_136	136	3043	2963	26	2554	262	227	147	636
channel_441_read_6	6	12907	12682	163	10403	1548	956	731	3235
channel_397_read_88	88	6944	7210	115	5379	1106	459	725	2290
channel_490_read_149	149	4183	4125	1	3354	534	295	237	1066
channel_282_read_65	65	1824	1708	35	1359	248	217	101	566
channel_397_read_85	85	2926	3123	83	2117	619	190	387	1196
channel_267_read_107	107	1937	2413	84	1552	306	79	555	940
channel_267_read_104	104	7333	8070	48	6172	886	275	1012	2173
channel_277_read_19	19	9162	9057	96	7030	1424	708	603	2735
channel_374_read_92	92	6553	6123	840	3974	1692	887	457	3036
channel_476_read_196	196	3128	2876	34	2531	258	339	87	684
channel_441_read_31	31	7824	7472	86	5862	1218	744	392	2354
channel_409_read_128	128	5855	5792	121	4389	932	534	471	1937
channel_489_read_65	65	4062	4017	51	3361	417	284	239	940
channel_55_read_115	115	5502	5226	6	4518	488	496	220	1204
channel_55_read_117	117	7635	7369	84	6198	830	607	341	1778
channel_19_read_74	74	7733	7739	61	6027	1131	575	581	2287
channel_415_read_94	94	10172	9725	58	8434	871	867	420	2158
channel_158_read_85	85	14040	14674	100	10714	2417	909	1543	4869
channel_50_read_119	119	2690	2609	89	2072	385	233	152	770
channel_85_read_36	36	3925	3592	1549	2445	893	587	254	1734
channel_287_read_230	230	7337	6838	19	5930	657	750	251	1658
channel_287_read_231	231	8795	8417	32	7380	677	738	360	1775
channel_419_read_83	83	3794	3546	30	2959	416	419	171	1006
channel_319_read_242	242	5592	5585	24	4594	607	391	384	1382
channel_370_read_129	129	8474	8281	14	6795	1031	648	455	2134
channel_63_read_221	221	6150	6458	97	4420	1264	466	774	2504
channel_319_read_247	247	9136	8763	13	7099	1169	868	495	2532
channel_210_read_137	137	6419	6433	1397	4581	1301	537	551	2389
channel_263_read_84	84	4221	3968	28	3567	266	388	135	789
channel_85_read_46	46	12979	12637	13	10468	1513	998	656	3167
channel_393_read_45	45	665	755	851	473	165	27	117	309
channel_206_read_57	57	7874	7978	32	6368	983	523	627	2133
channel_319_read_146	146	3150	2963	17	2536	317	297	110	724
channel_50_read_184	184	3536	3375	11	2752	438	346	185	969
channel_463_read_70	70	12290	14725	955	9168	2690	432	2867	5989
channel_445_read_272	272	6096	6054	22	5212	507	377	335	1219
channel_42_read_250	250	3309	3497	44	2810	349	150	338	837
channel_406_read_66	66	21742	20282	94	13579	5219	2944	1484	9647
channel_42_read_256	256	4304	4198	4	3641	380	283	177	840
channel_292_read_121	121	7999	7746	21	6659	723	617	364	1704
channel_427_read_65	65	5120	4949	81	4042	618	460	289	1367
channel_400_read_23	23	3955	3389	11434	2378	864	713	147	1724
channel_400_read_252	252	5382	5206	24	4458	503	421	245	1169
channel_461_read_187	187	2456	2375	10	1630	532	294	213	1039
channel_406_read_46	46	7726	7401	16	6300	774	652	327	1753
channel_480_read_136	136	8064	7397	5583	5128	1801	1135	468	3404
channel_442_read_28	28	700	646	8613	443	152	105	51	308
channel_498_read_114	114	2489	2407	120	1928	337	224	142	703
channel_470_read_281	281	4277	4820	3342	2929	1130	218	761	2109
channel_505_read_353	353	7264	7210	22	6182	628	454	400	1482
channel_253_read_118	118	6937	6604	31	5644	722	571	238	1531
channel_353_read_67	67	4132	4252	37	3063	788	281	401	1470
channel_183_read_101	101	10536	11239	18	7683	2216	637	1340	4193
channel_505_read_296	296	4829	4608	11	4074	382	373	152	907
channel_311_read_97	97	10422	11038	450	7444	2238	740	1356	4334
channel_311_read_95	95	5643	5747	13	4174	1053	416	520	1989
channel_89_read_53	53	5745	6252	942	3903	1471	371	878	2720
channel_317_read_24	24	8076	8385	22	6885	833	358	667	1858
channel_309_read_174	174	6235	6012	7	5029	653	553	330	1536
channel_146_read_36	36	3013	2866	62	2521	251	241	94	586
channel_319_read_243	243	8928	8705	38	7194	987	747	524	2258
channel_143_read_77	77	3296	3235	17	2640	386	270	209	865
channel_502_read_55	55	5467	4985	32	3936	819	712	230	1761
channel_466_read_44	44	3069	2957	12	2509	285	275	163	723
channel_259_read_72	72	2314	2419	26	1705	444	165	270	879
channel_290_read_83	83	4666	4559	13	3709	604	353	246	1203
channel_174_read_151	151	5556	5403	29	4736	415	405	252	1072
channel_174_read_152	152	5694	5483	4	4577	661	456	245	1362
channel_477_read_124	124	6108	5804	35	4757	756	595	291	1642
channel_52_read_118	118	1562	1756	5266	1067	390	105	299	794
channel_154_read_113	113	3288	3067	4	2594	337	357	136	830
channel_46_read_99	99	5662	5544	186	4106	1048	508	390	1946
channel_274_read_232	232	4712	4272	51	3556	560	596	156	1312
channel_285_read_56	56	5840	6108	105	4577	933	330	598	1861
channel_387_read_124	124	5859	5737	50	4109	1177	573	451	2201
channel_92_read_104	104	15430	14669	19	12285	1689	1456	695	3840
channel_316_read_170	170	1768	1864	70	1549	149	70	166	385
channel_290_read_15	15	11315	10667	9	7235	2719	1361	713	4793
channel_46_read_201	201	3133	3056	35	2505	378	250	173	801
channel_248_read_67	67	3712	3537	48	2957	409	346	171	926
channel_306_read_91	91	9682	11674	710	7155	2181	346	2338	4865
channel_394_read_235	235	6397	6204	11	5604	341	452	259	1052
channel_292_read_265	265	1070	1029	37	886	85	99	58	242
channel_18_read_120	120	2869	2820	175	2017	560	292	243	1095
channel_104_read_88	88	8135	7766	20	6849	621	665	296	1582
channel_135_read_34	34	8516	8983	62	6458	1534	524	991	3049
channel_480_read_215	215	4100	3970	81	3251	482	367	237	1086
channel_394_read_234	234	5464	5329	32	4547	507	410	275	1192
channel_370_read_86	86	775	832	250	566	171	38	95	304
channel_46_read_140	140	4687	4939	17	3686	704	297	549	1550
channel_473_read_192	192	3331	3316	33	2697	375	259	244	878
channel_472_read_232	232	1944	2219	47	1550	322	72	347	741
channel_4_read_9	9	8147	8778	15	6345	1416	386	1017	2819
channel_195_read_262	262	3817	3855	29	3362	279	176	214	669
channel_195_read_148	148	4426	4503	109	3307	772	347	424	1543
channel_195_read_260	260	3520	3476	15	3058	238	224	180	642
channel_143_read_7	7	11743	11627	4	9253	1629	861	745	3235
channel_473_read_198	198	4966	4907	22	3979	602	385	326	1313
channel_505_read_313	313	5891	5565	18	4856	514	521	195	1230
channel_270_read_131	131	4181	4089	8	3437	440	304	212	956
channel_294_read_107	107	1827	1790	24	1594	117	116	79	312
channel_201_read_15	15	6530	7223	285	4974	1242	314	1007	2563
channel_10_read_56	56	5389	5388	77	4280	761	348	347	1456
channel_314_read_228	228	2750	2676	6	2089	398	263	189	850
channel_323_read_15	15	17605	17606	22	14437	2093	1075	1076	4244
channel_386_read_85	85	3109	3318	9	2247	652	210	419	1281
channel_491_read_164	164	2207	2107	11	1743	261	203	103	567
channel_314_read_223	223	1278	1289	19	1011	177	90	101	368
channel_482_read_126	126	8109	8015	209	6407	1053	649	555	2257
channel_201_read_243	243	5620	5512	36	4579	624	417	309	1350
channel_160_read_80	80	11198	10813	8	9239	1054	905	520	2479
channel_201_read_246	246	7764	7640	2	6535	659	570	446	1675
channel_226_read_58	58	9162	9548	21	7058	1525	579	965	3069
channel_300_read_86	86	3358	3235	13	2811	306	241	118	665
channel_499_read_42	42	4233	4160	20	3070	765	398	325	1488
channel_467_read_107	107	8457	8113	19	7297	546	614	270	1430
channel_319_read_64	64	5852	6654	3890	4144	1413	295	1097	2805
channel_193_read_116	116	2123	2047	108	1640	296	187	111	594
channel_287_read_213	213	1589	1575	88	1186	274	129	115	518
channel_139_read_164	164	8733	8232	4	7207	670	856	355	1881
channel_316_read_64	64	3295	3095	11	2775	208	312	112	632
channel_3_read_110	110	2603	2536	12	1891	464	248	181	893
channel_374_read_0	0	1126	1117	12	930	131	65	56	252
channel_217_read_297	297	6943	6860	12	5849	642	452	369	1463
channel_10_read_226	226	3582	3530	32	2929	384	269	217	870
channel_3_read_118	118	4753	4697	14	3663	695	395	339	1429
channel_405_read_93	93	1775	1926	1275	1192	486	97	248	831
channel_472_read_32	32	2883	2901	579	2205	435	243	261	939
channel_498_read_116	116	3841	3746	24	3083	442	316	221	979
channel_130_read_172	172	4759	4937	88	3544	923	292	470	1685
channel_174_read_202	202	7033	6999	58	5894	696	443	409	1548
channel_499_read_38	38	4758	4823	6	3575	830	353	418	1601
channel_321_read_45	45	13924	13404	14	11511	1309	1104	584	2997
channel_297_read_147	147	4361	4102	33	3568	360	433	174	967
channel_382_read_154	154	6584	6405	24	5349	722	513	334	1569
channel_497_read_71	71	3298	3127	28	2558	422	318	147	887
channel_431_read_27	27	6902	6399	2325	4283	1645	974	471	3090
channel_283_read_37	37	3893	4241	5	3243	526	124	472	1122
channel_503_read_199	199	689	692	54	571	77	41	44	162
channel_482_read_14	14	10161	9799	64	8215	1081	865	503	2449
channel_34_read_160	160	6307	6077	574	4003	1551	753	523	2827
channel_85_read_75	75	15765	15758	4097	10701	3586	1478	1471	6535
channel_483_read_4	4	7763	7559	68	6389	781	593	389	1763
channel_479_read_163	163	2930	2774	50	2301	360	269	113	742
channel_481_read_2	2	3300	3217	22	2784	272	244	161	677
channel_406_read_99	99	6309	6118	70	4949	804	556	365	1725
channel_475_read_76	76	2429	2437	332	1794	412	223	231	866
channel_503_read_195	195	1229	1611	296	1094	121	14	396	531
channel_354_read_149	149	3156	3062	46	2447	409	300	206	915
channel_303_read_99	99	1437	1637	4880	1017	348	72	272	692
channel_18_read_69	69	3934	3897	31	3251	422	261	224	907
channel_327_read_129	129	5173	4912	19	3708	845	620	359	1824
channel_283_read_102	102	4149	4349	20	3297	609	243	443	1295
channel_137_read_106	106	7675	7360	40	6410	630	635	320	1585
channel_419_read_149	149	4019	3959	41	3490	283	246	186	715
channel_63_read_238	238	4306	4197	27	3357	548	401	292	1241
channel_50_read_205	205	11032	10505	370	6777	2898	1357	830	5085
channel_217_read_242	242	9853	9599	2	7895	1138	820	566	2524
channel_466_read_65	65	3382	3228	14	2649	395	338	184	917
channel_18_read_62	62	4847	4662	5	3784	659	404	219	1282
channel_510_read_116	116	11954	11958	29	10485	822	647	651	2120
channel_230_read_152	152	5144	6225	461	4020	966	158	1239	2363
channel_2_read_111	111	6288	6151	633	4036	1596	656	519	2771
channel_403_read_267	267	1059	1026	65	683	257	119	86	462
channel_330_read_143	143	14273	13635	175	11317	1678	1278	640	3596
channel_35_read_118	118	8038	7696	12	6616	740	682	340	1762
channel_396_read_27	27	2548	2505	37	2207	178	163	120	461
channel_104_read_138	138	4262	4087	2	3642	281	339	164	784
channel_287_read_169	169	8301	7882	50	6713	797	791	372	1960
channel_268_read_70	70	4513	5198	1782	3254	1033	226	911	2170
channel_465_read_10	10	8334	10253	2110	6514	1584	236	2155	3975
channel_400_read_251	251	2179	2079	6	1814	175	190	90	455
channel_505_read_340	340	3986	4245	59	3220	561	205	464	1230
channel_489_read_26	26	7694	7522	18	6068	999	627	455	2081
channel_479_read_116	116	5035	5135	57	4173	580	282	382	1244
channel_143_read_111	111	6979	6768	28	5785	669	525	314	1508
channel_217_read_143	143	7655	7678	2	5634	1374	647	670	2691
channel_479_read_113	113	3395	3239	20	2692	395	308	152	855
channel_277_read_136	136	3516	3384	25	3045	218	253	121	592
channel_277_read_137	137	8146	8220	501	6539	1051	556	630	2237
channel_300_read_88	88	7049	6872	5	6006	543	500	323	1366
channel_306_read_50	50	2533	2556	54	2091	300	142	165	607
channel_192_read_23	23	9592	9988	238	7623	1451	518	914	2883
channel_472_read_231	231	1599	1598	78	1241	234	124	123	481
channel_394_read_237	237	8296	8509	9	6250	1470	576	789	2835
channel_464_read_142	142	3698	3688	14	3000	442	256	246	944
channel_275_read_287	287	6139	6037	12	5257	479	403	301	1183
channel_300_read_81	81	5896	5900	39	5164	418	314	318	1050
channel_451_read_127	127	6060	5995	91	4756	829	475	410	1714
channel_297_read_145	145	1962	2327	268	1499	393	70	435	898
channel_445_read_24	24	9037	8826	15	7615	810	612	401	1823
channel_431_read_82	82	9632	9424	33	7870	1085	677	469	2231
channel_472_read_245	245	3269	3071	20	2463	451	355	157	963
channel_387_read_264	264	6367	6075	57	5164	624	579	287	1490
channel_476_read_267	267	9075	9105	324	7065	1310	700	730	2740
channel_489_read_222	222	2474	2386	11	2058	227	189	101	517
channel_166_read_151	151	6562	6406	67	5704	411	447	291	1149
channel_266_read_64	64	5992	5904	28	5034	526	432	344	1302
channel_314_read_48	48	16153	15531	28	13474	1430	1249	627	3306
channel_445_read_28	28	13465	13104	16	11051	1384	1030	669	3083
channel_496_read_25	25	13046	12723	7	10707	1346	993	670	3009
channel_282_read_33	33	11635	11339	104	9211	1485	939	643	3067
channel_31_read_95	95	5680	5702	63	4349	870	461	483	1814
channel_391_read_89	89	3965	4710	1512	3220	644	101	846	1591
channel_404_read_1	1	11716	12238	3511	9500	1588	628	1150	3366
channel_482_read_15	15	2373	2277	18	1882	286	205	109	600
channel_323_read_89	89	5692	5512	11	4746	540	406	226	1172
channel_54_read_145	145	3708	3494	5	3002	345	361	147	853
channel_426_read_110	110	7789	7758	11	6580	706	503	472	1681
channel_90_read_16	16	3458	3473	10	2719	501	238	253	992
channel_19_read_41	41	2450	2452	4	1946	346	158	160	664
channel_472_read_252	252	1835	1798	1	1551	145	139	102	386
channel_132_read_30	30	5114	5126	410	3974	804	336	348	1488
channel_370_read_153	153	5517	5269	3	4681	397	439	191	1027
channel_156_read_229	229	1817	1780	5	1500	187	130	93	410
channel_47_read_130	130	2890	2870	23	2292	386	212	192	790
channel_132_read_38	38	12656	13298	191	8752	3033	871	1513	5417
channel_308_read_90	90	4445	4967	31	3725	572	148	670	1390
channel_403_read_194	194	2586	2750	64	1847	581	158	322	1061
channel_154_read_88	88	3793	3714	1	2753	685	355	276	1316
channel_270_read_7	7	6215	6332	97	4115	1530	570	687	2787
channel_381_read_81	81	6799	6679	14	5922	457	420	300	1177
channel_403_read_192	192	7751	7772	12	6485	789	477	498	1764
channel_92_read_74	74	7298	6712	13816	4941	1359	998	412	2769
channel_154_read_80	80	6218	6144	49	5203	587	428	354	1369
channel_464_read_286	286	771	722	0	594	95	82	33	210
channel_53_read_83	83	4132	4267	21	3260	633	239	374	1246
channel_393_read_79	79	7639	7571	76	6065	967	607	539	2113
channel_509_read_50	50	9185	9209	58	7351	1210	624	648	2482
channel_378_read_53	53	10130	9630	229	6348	2586	1196	696	4478
channel_506_read_93	93	8805	9402	76	7054	1306	445	1042	2793
channel_292_read_297	297	2534	3125	11416	1912	516	106	697	1319
channel_419_read_85	85	2185	1960	68	1549	318	318	93	729
channel_393_read_111	111	4575	4638	1	3445	796	334	397	1527
channel_355_read_117	117	4705	4620	15	3927	454	324	239	1017
channel_309_read_182	182	4855	4596	72	4024	388	443	184	1015
channel_327_read_86	86	3969	3914	49	3228	438	303	248	989
channel_479_read_181	181	3497	3443	220	2694	496	307	253	1056
channel_374_read_77	77	10994	11438	34	7312	2710	972	1416	5098
channel_461_read_159	159	3274	3144	21	2648	346	280	150	776
channel_46_read_89	89	1394	1403	22	1080	204	110	119	433
channel_183_read_130	130	15199	14775	3	11808	2033	1358	934	4325
channel_505_read_267	267	1720	1735	16	1496	131	93	108	332
channel_308_read_53	53	6392	6397	53	4884	997	511	516	2024
channel_498_read_106	106	1842	1772	13	1485	177	180	110	467
channel_497_read_68	68	3473	3848	41	2600	672	201	576	1449
channel_318_read_84	84	4735	4982	109	3342	1031	362	609	2002
channel_301_read_140	140	4987	4526	7244	3003	1236	748	287	2271
channel_53_read_132	132	12193	11742	2	9698	1433	1062	611	3106
channel_320_read_48	48	6933	6640	51	5042	1181	710	417	2308
channel_494_read_97	97	9849	9868	7	7501	1620	728	747	3095
channel_506_read_98	98	13412	12817	14	8442	3401	1569	974	5944
channel_148_read_7	7	22052	22179	55	17979	2701	1372	1499	5572
channel_143_read_82	82	10196	9661	12	8039	1149	1008	473	2630
channel_201_read_175	175	2287	2488	5	1746	402	139	340	881
channel_229_read_4	4	7747	7395	76	6210	885	652	300	1837
channel_284_read_65	65	4509	4256	71	3514	562	433	180	1175
channel_466_read_17	17	5649	5660	55	3897	1203	549	560	2312
channel_201_read_273	273	6514	6538	58	5266	821	427	451	1699
channel_505_read_318	318	6003	5984	17	4931	664	408	389	1461
channel_284_read_103	103	6553	6485	14	5293	786	474	406	1666
channel_148_read_8	8	7168	6904	5946	4932	1471	765	501	2737
channel_497_read_93	93	10073	10339	17	7567	1735	771	1037	3543
channel_229_read_32	32	6585	6351	80	5138	871	576	342	1789
channel_266_read_58	58	2381	2301	45	1964	233	184	104	521
channel_112_read_3	3	6742	6677	67	5340	932	470	405	1807
channel_210_read_165	165	1672	1628	6	1290	222	160	116	498
channel_55_read_86	86	5193	5201	102	4229	622	342	350	1314
channel_270_read_164	164	1370	1329	4	1135	119	116	75	310
channel_469_read_181	181	8469	8226	213	5527	1995	947	704	3646
channel_469_read_187	187	3016	2938	4	2575	247	194	116	557
channel_406_read_232	232	2439	2371	30	1958	289	192	124	605
channel_148_read_156	156	1724	1716	10	1419	184	121	113	418
channel_415_read_72	72	2961	2913	37	2254	459	248	200	907
channel_137_read_109	109	5738	5566	131	4268	957	513	341	1811
channel_469_read_220	220	761	689	29	521	132	108	36	276
channel_381_read_10	10	7118	7024	17	6185	511	422	328	1261
channel_416_read_58	58	6339	6314	81	5101	775	463	438	1676
channel_279_read_82	82	9338	8942	47	7373	1156	809	413	2378
channel_503_read_88	88	1613	1650	21	1362	159	92	129	380
channel_472_read_78	78	2118	2008	64	1756	171	191	81	443
channel_301_read_144	144	5192	5063	52	4121	668	403	274	1345
channel_304_read_57	57	3023	3096	20	2061	705	257	330	1292
channel_195_read_350	350	5771	5598	2	4918	435	418	245	1098
channel_400_read_304	304	3997	3926	12	3365	374	258	187	819
channel_195_read_356	356	5953	5821	26	5112	420	421	289	1130
channel_387_read_232	232	3539	3676	38	2491	767	281	418	1466
channel_394_read_149	149	9152	9005	62	7194	1204	754	607	2565
channel_361_read_38	38	6075	6146	87	4792	873	410	481	1764
channel_482_read_56	56	1770	2168	187	1298	416	56	454	926
channel_221_read_38	38	13848	13402	18	11825	1041	982	536	2559
channel_267_read_101	101	1489	1797	249	1175	255	59	367	681
channel_372_read_33	33	2737	3471	7138	2043	627	67	801	1495
channel_3_read_128	128	6796	6829	26	5793	599	404	437	1440
channel_139_read_134	134	7245	6898	26	5864	701	680	333	1714
channel_316_read_31	31	3580	3590	11	3025	338	217	227	782
channel_275_read_51	51	13659	13400	35	11375	1308	976	717	3001
channel_287_read_51	51	1190	1149	126	786	282	122	81	485
channel_306_read_98	98	4481	4261	12	3577	474	430	210	1114
channel_417_read_8	8	13058	12751	10	11145	968	945	638	2551
channel_464_read_34	34	4950	4875	30	3963	628	359	284	1271
channel_373_read_136	136	3113	2907	26	2458	294	361	155	810
channel_35_read_48	48	2097	2410	12	1502	519	76	389	984
channel_285_read_110	110	11985	11973	33	10048	1157	780	768	2705
channel_306_read_106	106	7014	6745	16	5788	676	550	281	1507
channel_35_read_44	44	3106	3270	118	2131	739	236	400	1375
channel_12_read_155	155	3228	3233	66	2498	497	233	238	968
channel_421_read_31	31	6585	6470	14	5408	690	487	372	1549
channel_18_read_137	137	10341	9829	3	8438	982	921	409	2312
channel_351_read_115	115	2133	2207	25	1742	279	112	186	577
channel_472_read_196	196	3614	3341	214	2409	727	478	205	1410
channel_505_read_293	293	6444	7216	5	4850	1275	319	1091	2685
channel_275_read_168	168	2260	2311	161	1536	557	167	218	942
channel_292_read_53	53	3535	3543	47	2811	454	270	278	1002
channel_473_read_205	205	2288	2197	15	1854	232	202	111	545
channel_286_read_56	56	8483	8160	49	6911	845	727	404	1976
channel_461_read_164	164	5184	4942	25	4032	684	468	226	1378
channel_332_read_47	47	12238	11759	29	10136	1085	1017	538	2640
channel_400_read_217	217	5914	6168	88	4714	838	362	616	1816
channel_426_read_124	124	2457	2383	23	2053	228	176	102	506
channel_464_read_6	6	1705	1797	43	1369	253	83	175	511
channel_503_read_142	142	4221	4064	104	3214	601	406	249	1256
channel_442_read_172	172	15608	15213	200	11451	2764	1393	998	5155
channel_511_read_27	27	9875	9649	36	8162	974	739	513	2226
channel_421_read_75	75	10718	10987	47	8122	1837	759	1028	3624
channel_308_read_81	81	3242	3412	21	2681	401	160	330	891
channel_396_read_107	107	8688	8414	6	7256	795	637	363	1795
channel_50_read_80	80	7975	8014	46	6558	871	546	585	2002
channel_283_read_71	71	11341	11179	27	8896	1566	879	717	3162
channel_435_read_31	31	9813	9449	65	7891	1103	819	455	2377
channel_318_read_87	87	6143	5792	50	4828	682	633	282	1597
channel_442_read_120	120	3336	3377	5714	2173	833	330	371	1534
channel_304_read_35	35	14153	13765	76	11600	1484	1069	681	3234
channel_274_read_8	8	9100	8894	11	7500	890	710	504	2104
channel_289_read_38	38	7959	7938	57	6302	1060	597	576	2233
channel_378_read_108	108	1191	1109	10469	758	279	154	72	505
channel_268_read_185	185	4976	4713	0	3968	523	485	222	1230
channel_374_read_97	97	11514	11249	1330	7842	2505	1167	902	4574
channel_19_read_165	165	10313	11752	68	7150	2645	518	1957	5120
channel_268_read_181	181	3117	3431	18	2442	532	143	457	1132
channel_361_read_55	55	3220	3225	688	2522	449	249	254	952
channel_402_read_47	47	10245	9959	66	8062	1282	901	615	2798
channel_48_read_23	23	10049	10462	33	7931	1558	560	973	3091
channel_31_read_10	10	903	1036	143	683	194	26	159	379
channel_266_read_130	130	6818	6602	30	5595	711	512	296	1519
channel_451_read_276	276	2924	3348	267	2148	655	121	545	1321
channel_309_read_204	204	5475	5223	164	4229	718	528	276	1522
channel_309_read_205	205	1832	1843	14	1532	189	111	122	422
channel_499_read_24	24	2341	2166	66	1761	314	266	91	671
channel_42_read_277	277	533	568	355	406	96	31	66	193
channel_397_read_77	77	11043	10314	87	7891	1806	1346	617	3769
channel_192_read_79	79	6660	7799	8253	5210	1195	255	1394	2844
channel_287_read_86	86	6089	5883	26	4985	579	525	319	1423
channel_104_read_106	106	2887	2842	14	2229	437	221	176	834
channel_55_read_109	109	12237	12628	484	8592	2649	996	1387	5032
channel_498_read_90	90	4865	4730	30	3574	822	469	334	1625
channel_268_read_265	265	2745	2678	6	2204	317	224	157	698
channel_451_read_137	137	6302	5959	48	4983	685	634	291	1610
channel_155_read_3	3	24084	25048	6	19078	3631	1375	2339	7345
channel_286_read_16	16	6457	6314	65	5338	675	444	301	1420
channel_218_read_38	38	5657	5498	25	4451	738	468	309	1515
channel_287_read_223	223	2999	2884	32	2416	339	244	129	712
channel_42_read_268	268	5623	5446	23	4755	423	445	268	1136
channel_469_read_177	177	2021	2030	22	1764	146	111	120	377
channel_490_read_70	70	1412	1357	4466	897	362	153	98	613
channel_451_read_154	154	3665	3497	25	2895	452	318	150	920
channel_469_read_174	174	9328	8881	27	7502	958	868	421	2247
channel_201_read_65	65	7695	7660	45	6184	963	548	513	2024
channel_428_read_37	37	8211	7831	13	6828	741	642	262	1645
channel_373_read_216	216	7937	7614	5	6093	1103	741	418	2262
channel_366_read_98	98	3225	3146	41	2594	376	255	176	807
channel_35_read_182	182	8264	8212	78	6645	1025	594	542	2161
channel_63_read_164	164	1609	1578	13	1244	225	140	109	474
channel_496_read_10	10	5651	5488	59	4571	649	431	268	1348
channel_491_read_244	244	4503	4388	4	3917	285	301	186	772
channel_89_read_102	102	13268	13354	272	8452	3480	1336	1422	6238
channel_277_read_79	79	4240	4514	3540	3053	937	250	524	1711
channel_366_read_23	23	4250	4567	11	3143	852	255	572	1679
channel_491_read_167	167	9802	9411	93	7642	1277	883	492	2652
channel_418_read_52	52	6888	6897	24	5470	951	467	476	1894
channel_50_read_192	192	5935	5626	41	4966	445	524	215	1184
channel_387_read_288	288	5224	5367	8	4386	563	275	418	1256
channel_39_read_239	239	3009	3282	39	2266	589	154	427	1170
channel_165_read_104	104	7329	8240	15008	5042	1828	459	1370	3657
channel_373_read_217	217	4124	3771	79	3194	413	517	164	1094
channel_476_read_206	206	8259	7765	18	6547	902	810	316	2028
channel_304_read_32	32	5559	5706	13	4528	707	324	471	1502
channel_342_read_0	0	5808	5901	17	5088	428	292	385	1105
channel_382_read_140	140	2777	2698	34	2201	335	241	162	738
channel_464_read_319	319	2354	2364	2	1958	239	157	167	563
channel_330_read_259	259	2196	1945	4390	1402	451	343	92	886
channel_505_read_345	345	11821	11969	83	10121	1021	679	827	2527
channel_308_read_98	98	10706	12062	17	8552	1721	433	1789	3943
channel_487_read_108	108	6729	6511	40	5785	457	487	269	1213
channel_378_read_39	39	11637	11179	28	9326	1322	989	531	2842
channel_253_read_101	101	7934	7630	67	4970	2028	936	632	3596
channel_370_read_188	188	4627	4297	52	3559	531	537	207	1275
channel_253_read_102	102	22877	23644	24545	16949	4415	1513	2280	8208
channel_308_read_91	91	667	809	206	536	109	22	164	295
channel_475_read_177	177	1374	1340	43	1142	144	88	54	286
channel_487_read_100	100	5079	5073	17	4235	513	331	325	1169
channel_378_read_31	31	5818	5696	27	4794	616	408	286	1310
channel_469_read_168	168	4234	4096	7	3516	375	343	205	923
channel_201_read_139	139	6171	6747	55	4585	1266	320	896	2482
channel_34_read_15	15	3190	3272	51	2618	393	179	261	833
channel_137_read_65	65	9344	9326	23	7366	1284	694	676	2654
channel_452_read_17	17	2680	3217	13	2122	463	95	632	1190
channel_387_read_144	144	5861	6417	3426	4019	1413	429	985	2827
channel_346_read_75	75	2175	2158	9	1823	205	147	130	482
channel_426_read_151	151	2821	2706	4	2292	293	236	121	650
channel_445_read_170	170	2614	3505	8114	2225	357	32	923	1312
channel_327_read_83	83	9600	9548	25	7642	1257	701	649	2607
channel_174_read_141	141	7828	7480	32	6562	641	625	277	1543
channel_489_read_88	88	2581	2439	14	1916	400	265	123	788
channel_420_read_3	3	7372	7484	545	4667	2046	659	771	3476
channel_350_read_21	21	9175	8719	23	7463	903	809	353	2065
channel_39_read_178	178	2297	2700	262	1661	536	100	503	1139
channel_270_read_13	13	1746	1713	36	1307	287	152	119	558
channel_461_read_162	162	8458	7907	48	6722	837	899	348	2084
channel_48_read_25	25	8136	8054	35	6507	1012	617	535	2164
channel_274_read_227	227	4367	4183	24	3617	400	350	166	916
channel_89_read_2	2	1953	2027	105	1417	388	148	222	758
channel_419_read_86	86	8692	7473	84	5269	1852	1571	352	3775
channel_165_read_86	86	3845	3472	2887	2332	894	619	246	1759
channel_46_read_219	219	2655	2501	112	2127	260	268	114	642
channel_390_read_129	129	2806	2774	40	1858	657	291	259	1207
channel_50_read_64	64	7632	7708	105	6176	972	484	560	2016
channel_92_read_124	124	2320	2250	15	1844	253	223	153	629
channel_138_read_29	29	4401	4116	15	2795	1044	562	277	1883
channel_390_read_126	126	3923	3862	19	3168	454	301	240	995
channel_3_read_151	151	10707	10534	5	8695	1190	822	649	2661
channel_374_read_104	104	11813	11465	39	9309	1494	1010	662	3166
channel_398_read_184	184	3984	3807	78	3302	349	333	156	838
channel_374_read_100	100	7052	6930	690	4629	1670	753	631	3054
channel_209_read_48	48	8291	9413	407	6201	1688	402	1524	3614
channel_292_read_63	63	3134	3238	22	2556	397	181	285	863
channel_389_read_41	41	10262	10081	51	8221	1234	807	626	2667
channel_46_read_81	81	9647	9787	14	7548	1436	663	803	2902
channel_195_read_151	151	5768	5695	40	4367	904	497	424	1825
channel_370_read_99	99	12954	12327	20	10407	1342	1205	578	3125
channel_89_read_8	8	8355	8277	167	5261	2217	877	799	3893
channel_150_read_16	16	4364	4335	10	3418	612	334	305	1251
channel_479_read_180	180	4325	4345	24	3228	721	376	396	1493
channel_301_read_104	104	13185	12960	26	11165	1109	911	686	2706
channel_301_read_107	107	11192	12152	43	9295	1406	491	1451	3348
channel_104_read_54	54	4909	4638	5	3977	473	459	188	1120
channel_478_read_141	141	6855	7261	81	5403	1032	420	826	2278
channel_104_read_59	59	6702	6341	3	5562	554	586	225	1365
channel_195_read_258	258	3065	3010	44	2341	453	271	216	940
channel_263_read_18	18	8185	7876	6	6526	976	683	374	2033
channel_498_read_72	72	4298	4238	97	3320	615	363	303	1281
channel_210_read_185	185	4189	3950	19	3152	600	437	198	1235
channel_482_read_117	117	2300	2154	30	1924	169	207	61	437
channel_206_read_97	97	7320	7115	25	4632	1882	806	601	3289
channel_381_read_101	101	2454	2451	33	2141	167	146	143	456
channel_432_read_10	10	13394	12910	24	10025	2059	1310	826	4195
channel_381_read_103	103	2046	2407	80	1648	329	69	430	828
channel_466_read_3	3	7173	7149	6	6056	649	468	444	1561
channel_301_read_192	192	8089	7866	24	6865	631	593	370	1594
channel_104_read_51	51	4439	4255	0	3521	536	382	198	1116
channel_135_read_54	54	1109	1111	288	755	238	116	118	472
channel_381_read_65	65	6128	6253	1681	4572	1113	443	568	2124
channel_467_read_91	91	7035	7489	34	6160	606	269	723	1598
channel_193_read_122	122	638	654	19	498	98	42	58	198
channel_467_read_96	96	3278	3250	0	2875	221	182	154	557
channel_275_read_133	133	5695	5522	1657	3653	1342	700	527	2569
channel_183_read_166	166	7764	7444	465	4867	1907	990	670	3567
channel_489_read_235	235	2162	2058	11	1757	218	187	83	488
channel_381_read_69	69	3585	3511	17	3091	271	223	149	643
channel_157_read_60	60	3782	3752	28	2893	603	286	256	1145
channel_301_read_174	174	1950	1926	23	1659	168	123	99	390
channel_61_read_43	43	9305	9273	19	7045	1551	709	677	2937
channel_487_read_90	90	10658	11871	132	8852	1415	391	1604	3410
channel_472_read_26	26	7259	6912	55	5787	808	664	317	1789
channel_308_read_50	50	3714	3891	32	3045	480	189	366	1035
channel_480_read_230	230	5881	5713	13	5027	423	431	263	1117
channel_174_read_219	219	3139	3501	48	2571	447	121	483	1051
channel_52_read_16	16	10197	9714	3	7683	1462	1052	569	3083
channel_401_read_125	125	10021	10264	34	7640	1717	664	907	3288
channel_478_read_62	62	6120	6033	9	5067	610	443	356	1409
channel_195_read_269	269	6873	6385	6	5656	517	700	212	1429
channel_451_read_131	131	10572	10502	7	7938	1758	876	806	3440
channel_365_read_21	21	4804	4692	21	3702	680	422	310	1412
channel_3_read_67	67	3694	3890	145	2910	559	225	421	1205
channel_382_read_31	31	7842	8557	1945	5427	1951	464	1179	3594
channel_475_read_40	40	4033	3805	27	2640	896	497	269	1662
channel_469_read_176	176	2589	2557	77	2274	151	164	132	447
channel_419_read_128	128	2884	2817	21	2372	290	222	155	667
channel_406_read_251	251	3602	3637	48	2910	449	243	278	970
channel_42_read_159	159	3703	3647	16	2895	515	293	237	1045
channel_373_read_241	241	4199	4057	22	3408	435	356	214	1005
channel_174_read_8	8	2475	2824	3976	1755	618	102	451	1171
channel_268_read_258	258	4799	4465	31	3632	607	560	226	1393
channel_59_read_34	34	4182	4058	16	3303	515	364	240	1119
channel_35_read_161	161	8299	8288	99	6937	803	559	548	1910
channel_18_read_56	56	8946	8927	282	7353	1032	561	542	2135
channel_355_read_169	169	1309	1257	47	1076	122	111	59	292
channel_475_read_213	213	1621	1670	196	1106	352	163	212	727
channel_403_read_251	251	4154	4105	8	3365	494	295	246	1035
channel_275_read_158	158	6587	6424	12	5325	732	530	367	1629
channel_35_read_99	99	7325	7893	3	5557	1371	397	965	2733
channel_130_read_129	129	8380	8211	43	7182	611	587	418	1616
channel_338_read_156	156	3958	3771	28	2870	692	396	209	1297
channel_445_read_226	226	2733	2747	82	2371	212	150	164	526
channel_158_read_94	94	4862	4913	53	3853	710	299	350	1359
channel_358_read_28	28	5031	5339	118	3553	1155	323	631	2109
channel_274_read_179	179	8276	8311	116	6390	1271	615	650	2536
channel_92_read_95	95	3702	3582	41	2948	423	331	211	965
channel_372_read_66	66	8855	8992	43	6627	1574	654	791	3019
channel_503_read_177	177	1481	1469	40	1230	148	103	91	342
channel_330_read_192	192	1017	954	7	811	99	107	44	250
channel_308_read_104	104	11689	13615	63	9834	1528	327	2253	4108
channel_138_read_96	96	4335	4906	215	3237	910	188	759	1857
channel_386_read_121	121	8338	8641	126	6342	1448	548	851	2847
channel_253_read_58	58	3114	3360	20	2462	502	150	396	1048
channel_39_read_49	49	6856	6852	215	5311	1041	504	500	2045
channel_194_read_16	16	2464	2477	14	1903	400	161	174	735
channel_274_read_237	237	1873	2040	1236	1251	512	110	277	899
channel_279_read_74	74	4851	4741	29	3583	830	438	328	1596
channel_330_read_286	286	4465	4442	31	3655	509	301	278	1088
channel_230_read_135	135	2666	2653	34	1972	472	222	209	903
channel_248_read_119	119	1970	1907	59	1635	177	158	95	430
channel_361_read_66	66	8170	7862	65	5326	1881	963	655	3499
channel_356_read_59	59	7182	7071	5	5985	679	518	407	1604
channel_330_read_125	125	4253	3961	18	3314	471	468	176	1115
channel_2_read_104	104	4800	4593	40	3792	563	445	238	1246
channel_503_read_189	189	3094	3591	49	2625	392	77	574	1043
channel_378_read_14	14	6643	6384	14	5261	800	582	323	1705
channel_330_read_288	288	4990	4719	49	4148	382	460	189	1031
channel_292_read_179	179	1600	1733	47	1250	258	92	225	575
channel_55_read_219	219	10844	10776	14	8555	1511	778	710	2999
channel_366_read_61	61	2132	2207	59	1806	211	115	190	516
channel_61_read_34	34	6818	6611	22	5343	895	580	373	1848
channel_211_read_35	35	2723	2725	12	2157	373	193	195	761
channel_289_read_90	90	5110	4866	22	4159	496	455	211	1162
channel_90_read_17	17	5303	5085	83	4427	450	426	208	1084
channel_353_read_9	9	3904	3868	114	3074	541	289	253	1083
channel_366_read_69	69	3432	3291	17	2839	314	279	138	731
channel_490_read_36	36	9020	9294	94	6662	1706	652	926	3284
channel_55_read_135	135	2901	2785	44	2359	302	240	124	666
channel_148_read_169	169	6743	6513	8	5314	815	614	384	1813
channel_441_read_17	17	8653	8491	9	6887	1121	645	483	2249
channel_390_read_164	164	8423	9355	86	7016	1084	323	1255	2662
channel_311_read_124	124	11708	11446	16	9409	1383	916	654	2953
channel_63_read_198	198	2152	2360	6	1649	376	127	335	838
channel_226_read_153	153	10010	9693	17	7951	1177	882	565	2624
channel_311_read_129	129	4099	4158	36	3335	537	227	286	1050
channel_30_read_40	40	21405	22498	103	16083	3890	1432	2525	7847
channel_148_read_165	165	9342	8958	3	7622	888	832	448	2168
channel_440_read_124	124	4193	3974	20	3274	518	401	182	1101
channel_47_read_103	103	4031	3978	80	2835	815	381	328	1524
channel_370_read_146	146	4627	4583	1980	3531	708	388	344	1440
channel_298_read_117	117	7259	7024	13	5985	711	563	328	1602
channel_404_read_31	31	1977	1917	241	1532	265	180	120	565
channel_218_read_69	69	12834	12434	8	10358	1470	1006	606	3082
channel_365_read_16	16	2864	2756	136	1774	788	302	194	1284
channel_417_read_25	25	5385	5396	18	3878	1032	475	486	1993
channel_480_read_133	133	4585	4468	49	3714	494	377	260	1131
channel_275_read_134	134	6486	6173	944	4921	885	680	367	1932
channel_46_read_13	13	7958	7718	14	6330	919	709	469	2097
channel_382_read_133	133	1367	1411	30	1039	232	96	140	468
channel_42_read_273	273	1818	1874	4	1450	250	118	174	542
channel_365_read_81	81	1338	1245	24	1071	141	126	33	300
channel_59_read_108	108	869	1100	7636	672	172	25	256	453
channel_42_read_276	276	1448	1588	665	1153	219	76	216	511
channel_63_read_294	294	2738	2917	17	2110	492	136	315	943
channel_253_read_116	116	4170	3978	6	3206	522	442	250	1214
channel_131_read_9	9	1345	1385	17	1093	174	78	118	370
channel_46_read_91	91	2631	2640	35	1916	489	226	235	950
channel_50_read_28	28	2067	2088	43	1494	428	145	166	739
channel_4_read_14	14	9750	9270	132	7899	970	881	401	2252
channel_309_read_175	175	2089	1976	414	1399	450	240	127	817
channel_143_read_75	75	10090	9606	70	8157	1060	873	389	2322
channel_477_read_123	123	6418	5927	1870	3944	1589	885	394	2868
channel_89_read_72	72	3465	3307	37	2785	381	299	141	821
channel_445_read_228	228	2151	2044	7	1799	162	190	83	435
channel_4_read_13	13	1900	1854	105	1411	319	170	124	613
channel_311_read_71	71	6896	6773	142	4962	1292	642	519	2453
channel_404_read_84	84	1795	1730	3402	1115	465	215	150	830
channel_314_read_40	40	8037	7741	16	6475	928	634	338	1900
channel_34_read_153	153	3024	2840	26	2511	237	276	92	605
channel_174_read_154	154	7088	6678	89	5816	627	645	235	1507
channel_505_read_276	276	5601	5193	4	4610	421	570	162	1153
channel_451_read_36	36	5923	5924	2438	4524	966	433	434	1833
channel_400_read_341	341	4012	4026	40	3164	548	300	314	1162
channel_480_read_92	92	14554	14202	18	9070	3878	1606	1254	6738
channel_497_read_77	77	2642	2607	27	2142	316	184	149	649
channel_154_read_28	28	4397	4339	7	3640	451	306	248	1005
channel_464_read_266	266	2777	2732	11	2258	292	227	182	701
channel_432_read_160	160	7906	8231	567	5455	1876	575	900	3351
channel_195_read_110	110	5451	5157	30	4239	634	578	284	1496
channel_346_read_20	20	3862	3812	17	2969	560	333	283	1176
channel_315_read_35	35	3945	4120	202	2586	1020	339	514	1873
channel_466_read_62	62	13399	12667	16	10356	1670	1373	641	3684
channel_489_read_9	9	6446	6148	16	5076	792	578	280	1650
channel_143_read_97	97	7308	7282	1438	5572	1190	546	520	2256
channel_432_read_168	168	2207	2129	122	1681	331	195	117	643
channel_268_read_165	165	3242	3144	68	2289	594	359	261	1214
channel_224_read_18	18	7772	7745	144	5215	1791	766	739	3296
channel_195_read_291	291	10885	10062	90	6844	2551	1490	667	4708
channel_201_read_266	266	2630	2444	37	2133	220	277	91	588
channel_46_read_20	20	8142	7721	489	4960	2166	1016	595	3777
channel_183_read_43	43	2475	2340	42	1972	276	227	92	595
channel_464_read_297	297	4441	4371	35	3426	654	361	291	1306
channel_46_read_23	23	3817	4226	10	2672	945	200	609	1754
channel_156_read_143	143	6522	5862	135	4610	923	989	329	2241
channel_230_read_12	12	7757	7302	22	5672	1243	842	387	2472
channel_406_read_139	139	3631	3406	21	2774	479	378	153	1010
channel_18_read_35	35	10349	10121	19	8377	1162	810	582	2554
channel_285_read_74	74	13406	13419	48	10439	1971	996	1009	3976
channel_46_read_227	227	2942	2890	16	2422	315	205	153	673
channel_275_read_272	272	6205	5983	6	5187	538	480	258	1276
channel_275_read_270	270	2415	2299	10	2102	117	196	80	393
channel_469_read_195	195	5103	4371	46	3624	607	872	140	1619
channel_275_read_171	171	2035	2033	53	1689	212	134	132	478
channel_338_read_177	177	6182	5877	6	4963	633	586	281	1500
channel_57_read_24	24	5543	5452	15	4565	570	408	317	1295
channel_35_read_53	53	4645	4553	9	3524	735	386	294	1415
channel_61_read_47	47	13289	14516	51	10674	2001	614	1841	4456
channel_391_read_151	151	3242	3093	13	2461	467	314	165	946
channel_230_read_42	42	11520	11016	2573	7367	2797	1356	852	5005
channel_490_read_100	100	4314	4500	133	3055	915	344	530	1789
channel_354_read_32	32	13638	13172	34	11635	1022	981	515	2518
channel_130_read_96	96	2649	2562	48	2156	273	220	133	626
channel_472_read_62	62	14185	14336	140	10564	2540	1081	1232	4853
channel_354_read_37	37	6878	6691	7	5729	641	508	321	1470
channel_507_read_153	153	4781	4463	5	3822	477	482	164	1123
channel_314_read_204	204	2711	2577	29	2202	248	261	127	636
channel_394_read_172	172	4868	4643	40	3706	661	501	276	1438
channel_155_read_133	133	1300	1456	382	919	310	71	227	608
channel_174_read_212	212	4353	4684	24	3540	620	193	524	1337
channel_223_read_98	98	13161	11754	16327	8033	3001	2127	720	5848
channel_55_read_23	23	7034	7030	26	5706	860	468	464	1792
channel_386_read_78	78	6271	6540	1	4916	975	380	649	2004
channel_338_read_22	22	7350	8758	43	6336	884	130	1538	2552
channel_471_read_124	124	9046	9156	4	7015	1380	651	761	2792
channel_354_read_220	220	5503	5484	44	4593	564	346	327	1237
channel_386_read_71	71	6238	6382	44	4997	858	383	527	1768
channel_364_read_37	37	2892	2801	19	2129	501	262	171	934
channel_308_read_32	32	3372	3057	348	2167	694	511	196	1401
channel_451_read_49	49	7166	7496	311	5704	1062	400	730	2192
channel_406_read_290	290	2146	2025	41	1746	181	219	98	498
channel_489_read_263	263	3650	3750	16	2877	540	233	333	1106
channel_373_read_233	233	4147	3954	6	3483	299	365	172	836
channel_141_read_14	14	7339	7049	190	4605	1846	888	598	3332
channel_18_read_97	97	8724	8626	5	7173	915	636	538	2089
channel_436_read_11	11	9522	9457	24	8124	820	578	513	1911
channel_387_read_257	257	2862	2764	11	2384	260	218	120	598
channel_12_read_181	181	3167	3021	54	2491	366	310	164	840
channel_55_read_251	251	6008	5824	19	4899	619	490	306	1415
channel_480_read_209	209	1457	1732	1512	1057	327	73	348	748
channel_301_read_4	4	2396	2423	79	1857	342	197	224	763
channel_503_read_237	237	9511	11119	656	8002	1226	283	1891	3400
channel_330_read_248	248	7453	6844	6287	4630	1763	1060	451	3274
channel_503_read_235	235	1863	2216	51	1427	356	80	433	869
channel_255_read_34	34	2070	1961	109	1468	380	222	113	715
channel_400_read_227	227	8603	8177	16	6743	1012	848	422	2282
channel_255_read_30	30	7333	7047	16	5617	1003	713	427	2143
channel_138_read_109	109	623	638	1875	443	130	50	65	245
channel_285_read_138	138	3118	3000	2682	2674	225	219	101	545
channel_297_read_167	167	7157	6933	29	6121	496	540	316	1352
channel_404_read_16	16	6466	6382	565	4151	1645	670	586	2901
channel_90_read_39	39	4059	4070	33	3476	355	228	239	822
channel_373_read_220	220	3328	3200	21	2407	568	353	225	1146
channel_472_read_267	267	2391	2274	88	1911	240	240	123	603
channel_472_read_265	265	4265	4288	7	3504	501	260	283	1044
channel_482_read_61	61	1688	1762	18	1399	213	76	150	439
channel_51_read_55	55	2840	2770	2707	2189	423	228	158	809
channel_416_read_55	55	9505	9014	96	7553	1027	925	434	2386
channel_464_read_53	53	9718	9166	25	7913	903	902	350	2155
channel_453_read_27	27	3895	3799	21	3173	405	317	221	943
channel_314_read_195	195	6462	7077	24	5443	776	243	858	1877
channel_350_read_25	25	3679	3801	14	2844	588	247	369	1204
channel_373_read_243	243	8233	7943	2	6704	852	677	387	1916
channel_356_read_15	15	8035	7957	80	5962	1345	728	650	2723
channel_356_read_16	16	13519	13050	32	10595	1703	1221	752	3676
channel_195_read_318	318	4974	4860	38	4110	509	355	241	1105
channel_330_read_244	244	842	810	19	731	52	59	27	138
channel_370_read_75	75	7639	7300	50	6205	752	682	343	1777
channel_431_read_60	60	7609	7411	157	6217	833	559	361	1753
channel_355_read_133	133	1908	1946	31	1487	271	150	188	609
channel_482_read_68	68	2891	2789	20	2396	267	228	126	621
channel_130_read_150	150	3575	3720	39	2774	549	252	397	1198
channel_129_read_86	86	1242	1190	103	926	194	122	70	386
channel_499_read_12	12	8536	8317	14	6998	884	654	435	1973
channel_474_read_114	114	1881	1764	71	1377	293	211	94	598
channel_475_read_249	249	2858	2741	8	2324	285	249	132	666
channel_54_read_60	60	3292	3236	34	2544	477	271	215	963
channel_370_read_60	60	5858	5603	18	4672	626	560	305	1491
channel_156_read_148	148	9615	9564	111	7306	1500	809	758	3067
channel_255_read_81	81	8581	8426	46	6593	1263	725	570	2558
channel_298_read_173	173	2993	2839	48	2472	249	272	118	639
channel_267_read_45	45	2809	2908	30	2167	464	178	277	919
channel_471_read_49	49	3253	3263	479	2636	392	225	235	852
channel_311_read_164	164	6021	5474	97	4313	924	784	237	1945
channel_416_read_136	136	3457	3474	16450	2465	689	303	320	1312
channel_356_read_100	100	4505	4336	25	3842	338	325	156	819
channel_138_read_239	239	6563	7536	32	5288	1062	213	1186	2461
channel_366_read_80	80	7714	9382	1077	6249	1267	198	1866	3331
channel_469_read_145	145	6963	6770	11	5919	563	481	288	1332
channel_491_read_138	138	2393	2363	35	1805	393	195	165	753
channel_467_read_60	60	2837	2909	22	2335	326	176	248	750
channel_311_read_169	169	5665	5519	18	4608	621	436	290	1347
channel_476_read_282	282	5674	5441	15	4824	390	460	227	1077
channel_314_read_64	64	5410	6291	299	4232	1000	178	1059	2237
channel_366_read_15	15	2182	2156	51	1667	338	177	151	666
channel_154_read_148	148	5484	5301	39	4469	563	452	269	1284
channel_366_read_11	11	5598	5466	15	4490	676	432	300	1408
channel_341_read_67	67	6163	6226	61	5043	740	380	443	1563
channel_211_read_20	20	1761	1967	76	1426	274	61	267	602
channel_274_read_109	109	7713	7403	26	6083	898	732	422	2052
channel_354_read_75	75	7915	7528	21	4879	2046	990	603	3639
channel_391_read_149	149	2284	2106	43	1594	401	289	111	801
channel_217_read_180	180	4587	4721	15	3536	741	310	444	1495
channel_445_read_214	214	3395	3328	24	2868	266	261	194	721
channel_292_read_97	97	7854	7579	26	6128	1012	714	439	2165
channel_68_read_154	154	866	836	728	557	218	91	61	370
channel_287_read_242	242	981	1039	12	761	177	43	101	321
channel_283_read_116	116	3295	3783	24	2517	652	126	614	1392
channel_370_read_174	174	4515	4396	114	3568	600	347	228	1175
channel_218_read_52	52	7288	7087	44	5996	742	550	349	1641
channel_90_read_38	38	7667	7404	88	6301	755	611	348	1714
channel_129_read_88	88	4500	4579	11	3438	773	289	368	1430
channel_230_read_22	22	5268	5063	36	3716	997	555	350	1902
channel_354_read_26	26	3504	3635	31	2826	491	187	318	996
channel_154_read_63	63	11248	12222	45	9226	1557	465	1439	3461
channel_470_read_21	21	3705	4154	2114	2597	950	158	607	1715
channel_290_read_137	137	6388	6102	46	5374	502	512	226	1240
channel_403_read_87	87	3626	3773	714	2620	742	264	411	1417
channel_350_read_88	88	2163	2072	7	1869	148	146	55	349
channel_356_read_114	114	3609	3259	137	2255	804	550	200	1554
channel_356_read_115	115	4820	4918	178	3811	701	308	406	1415
channel_275_read_257	257	5106	4954	24	3691	893	522	370	1785
channel_319_read_299	299	2211	2200	38	1909	159	143	132	434
channel_399_read_99	99	3246	3227	17051	2054	871	321	302	1494
channel_275_read_256	256	4166	4176	14	3437	448	281	291	1020
channel_350_read_31	31	2357	2297	35	1982	212	163	103	478
channel_426_read_90	90	4191	4120	3838	3083	709	399	328	1436
channel_319_read_266	266	6158	6455	103	4323	1478	357	654	2489
channel_506_read_129	129	10618	10144	4	8725	1006	887	413	2306
channel_154_read_104	104	7533	7440	24	6406	639	488	395	1522
channel_149_read_14	14	10666	10572	16	8273	1556	837	743	3136
channel_48_read_33	33	3735	3066	5243	2228	711	796	127	1634
channel_400_read_45	45	3466	3457	151	2753	486	227	218	931
channel_275_read_239	239	6519	6698	11	5132	982	405	584	1971
channel_27_read_41	41	1341	1352	7	1161	98	82	93	273
channel_292_read_261	261	6173	6224	24	5004	761	408	459	1628
channel_406_read_228	228	5014	4895	6	4155	500	359	240	1099
channel_27_read_42	42	5544	5285	5	4556	509	479	220	1208
channel_490_read_61	61	6028	6232	32	4449	1161	418	622	2201
channel_483_read_56	56	12138	11519	66	9049	1855	1234	615	3704
channel_174_read_70	70	11150	10869	1781	6937	2937	1276	995	5208
channel_55_read_165	165	2700	2869	4	2127	409	164	333	906
channel_5_read_22	22	4563	4561	5	3583	670	310	308	1288
channel_274_read_219	219	6083	6453	48	5049	730	304	674	1708
channel_53_read_117	117	3652	3626	40	2920	474	258	232	964
channel_346_read_19	19	8823	8760	21	7480	773	570	507	1850
channel_498_read_120	120	9992	9802	56	8149	1070	773	583	2426
channel_341_read_100	100	3424	3690	37	2732	524	168	434	1126
channel_445_read_106	106	10089	10994	139	7452	2077	560	1465	4102
channel_304_read_112	112	2538	2574	50	1836	500	202	238	940
channel_76_read_101	101	6912	6837	31	5809	622	481	406	1509
channel_318_read_40	40	4592	4468	110	3454	740	398	274	1412
channel_404_read_41	41	1393	1384	140	913	356	124	115	595
channel_304_read_118	118	11926	11577	111	9988	1001	937	588	2526
channel_473_read_173	173	5713	5797	12	4115	1094	504	588	2186
channel_139_read_13	13	8766	8934	47	6940	1298	528	696	2522
channel_494_read_29	29	7601	7617	8	5940	1166	495	511	2172
channel_448_read_10	10	12770	13681	21	8545	3334	891	1802	6027
channel_400_read_156	156	7882	7957	26	6229	1078	575	650	2303
channel_55_read_76	76	9640	9390	9	8030	889	721	471	2081
channel_478_read_155	155	6467	5906	10	4790	852	825	264	1941
channel_428_read_52	52	6654	6603	25	5382	808	464	413	1685
channel_18_read_33	33	1374	1434	66	1109	202	63	123	388
channel_502_read_35	35	3260	3122	27	2786	209	265	127	601
channel_502_read_32	32	5026	5201	44	4040	743	243	418	1404
channel_498_read_66	66	7856	7365	5	6254	766	836	345	1947
channel_301_read_181	181	3101	2989	17	2668	194	239	127	560
channel_482_read_104	104	5321	5204	8	4647	338	336	219	893
channel_482_read_100	100	5675	5524	4	4825	463	387	236	1086
channel_482_read_103	103	3807	3737	26	3189	348	270	200	818
channel_210_read_143	143	2137	2292	196	1532	476	129	284	889
channel_471_read_160	160	3952	4145	9	3184	543	225	418	1186
channel_403_read_100	100	7473	7353	8	5557	1230	686	566	2482
channel_467_read_83	83	3622	3532	68	3014	353	255	165	773
channel_471_read_165	165	8182	7623	40	5169	1927	1086	527	3540
channel_365_read_14	14	14553	14222	12	11619	1795	1139	808	3742
channel_112_read_64	64	1623	1595	1295	1013	449	161	133	743
channel_338_read_69	69	1453	1608	492	1124	271	58	213	542
channel_338_read_68	68	1866	2037	208	1501	288	77	248	613
channel_258_read_21	21	9898	10636	3958	7751	1665	482	1220	3367
channel_481_read_79	79	7192	7956	648	5576	1264	352	1116	2732
channel_239_read_107	107	10235	10263	278	7689	1657	889	917	3463
channel_309_read_251	251	3970	4158	4	3186	551	233	421	1205
channel_301_read_166	166	3349	3429	27	2931	264	154	234	652
channel_487_read_88	88	8877	8790	155	6972	1244	661	574	2479
channel_309_read_252	252	14741	16097	50	11317	2650	774	2130	5554
channel_301_read_163	163	7676	6802	76	5068	1390	1218	344	2952
channel_12_read_123	123	8551	8358	137	6568	1257	726	533	2516
channel_229_read_36	36	7993	8719	1658	5809	1653	531	1257	3441
channel_458_read_77	77	10883	11897	8	8237	2073	573	1587	4233
channel_270_read_165	165	1762	1702	9	1446	166	150	90	406
channel_270_read_166	166	680	610	1	564	38	78	8	124
channel_282_read_86	86	2221	2180	62	1754	291	176	135	602
channel_476_read_159	159	2807	2513	112	2048	381	378	84	843
channel_267_read_33	33	2677	2755	6	2076	429	172	250	851
channel_265_read_23	23	6587	5890	18	4069	1460	1058	361	2879
channel_316_read_104	104	12505	12120	24	10334	1225	946	561	2732
channel_442_read_122	122	4690	4492	15	3771	494	425	227	1146
channel_478_read_91	91	9159	8891	45	7502	932	725	457	2114
channel_131_read_36	36	1339	1283	8	1103	117	119	63	299
channel_17_read_49	49	11563	12114	53	9041	1930	592	1143	3665
channel_294_read_15	15	3489	3488	62	2586	602	301	300	1203
channel_387_read_281	281	3036	2911	24	2448	313	275	150	738
channel_471_read_116	116	1494	1670	44	1086	316	92	268	676
channel_139_read_114	114	4970	4778	4	4043	521	406	214	1141
channel_387_read_284	284	5592	5289	7	4609	482	501	198	1181
channel_3_read_141	141	4414	4183	22	3547	471	396	165	1032
channel_387_read_286	286	6120	6337	173	4646	1038	436	653	2127
channel_3_read_143	143	4004	3550	3210	2546	784	674	220	1678
channel_373_read_117	117	3650	3603	92	2534	759	357	310	1426
channel_365_read_43	43	9861	9570	12	7787	1239	835	544	2618
channel_445_read_197	197	2500	2440	18	2098	213	189	129	531
channel_353_read_112	112	11270	11288	57	8522	1835	913	931	3679
channel_354_read_160	160	7595	7311	3	6246	723	626	342	1691
channel_46_read_193	193	2785	2755	38	2043	503	239	209	951
channel_35_read_69	69	1941	1964	18	1505	312	124	147	583
channel_174_read_165	165	4036	4093	28	3367	427	242	299	968
channel_391_read_122	122	12722	12373	21	10429	1311	982	633	2926
channel_290_read_21	21	1939	1919	30	1576	208	155	135	498
channel_391_read_126	126	8235	7950	12	6987	644	604	319	1567
channel_217_read_283	283	13482	13079	30	10706	1656	1120	717	3493
channel_338_read_143	143	9115	8806	11	7056	1219	840	531	2590
channel_332_read_68	68	6173	5972	19	5233	472	468	267	1207
channel_314_read_177	177	6986	6718	48	5909	521	556	288	1365
channel_473_read_92	92	3140	3080	6	2288	559	293	233	1085
channel_34_read_27	27	7067	7127	9	5869	794	404	464	1662
channel_314_read_229	229	1499	1592	9	1103	297	99	192	588
channel_479_read_134	134	4912	4652	28	3943	502	467	207	1176
channel_274_read_141	141	7521	7107	32	5768	970	783	369	2122
channel_53_read_35	35	4459	4377	62	3531	570	358	276	1204
channel_386_read_133	133	8298	8212	366	5165	2208	925	839	3972
channel_48_read_132	132	14290	14074	260	9106	3671	1513	1297	6481
channel_358_read_120	120	3956	4574	3599	2715	1071	170	788	2029
channel_154_read_170	170	3107	3038	13	2624	250	233	164	647
channel_451_read_10	10	16906	17531	181	14166	1895	845	1470	4210
channel_38_read_42	42	6098	5832	9	4781	744	573	307	1624
channel_366_read_103	103	14194	13681	19	11781	1292	1121	608	3021
channel_153_read_105	105	5231	4954	11251	3202	1351	678	401	2430
channel_138_read_141	141	2816	2644	36	2240	284	292	120	696
channel_451_read_146	146	2355	2203	15	1810	296	249	97	642
channel_355_read_108	108	4549	4286	50	3367	663	519	256	1438
channel_330_read_294	294	9026	9584	49	6984	1555	487	1045	3087
channel_285_read_116	116	2557	2595	45	2141	258	158	196	612
channel_138_read_144	144	7856	7415	10	6251	810	795	354	1959
channel_461_read_251	251	2928	3395	3727	2087	689	152	619	1460
channel_155_read_50	50	3096	3540	854	2443	541	112	556	1209
channel_155_read_53	53	8741	8408	9	6968	1008	765	432	2205
channel_204_read_20	20	6088	6070	57	4944	745	399	381	1525
channel_89_read_45	45	11682	11368	12	8345	2149	1188	874	4211
channel_282_read_18	18	9500	9817	6619	6423	2287	790	1107	4184
channel_309_read_220	220	10812	10595	16	9398	738	676	459	1873
channel_154_read_180	180	2201	2137	20	1863	163	175	111	449
channel_302_read_15	15	4339	4238	41	3502	504	333	232	1069
channel_451_read_212	212	3513	3302	14	2312	727	474	263	1464
channel_366_read_51	51	7270	7534	21	5611	1158	501	765	2424
channel_418_read_105	105	4280	4871	82	3318	777	185	776	1738
channel_464_read_33	33	13880	14158	169	9401	3292	1187	1465	5944
channel_464_read_194	194	4337	4034	31	3134	691	512	209	1412
channel_192_read_95	95	8305	8664	16	6586	1234	485	844	2563
channel_148_read_82	82	13300	12630	60	10943	1154	1203	533	2890
channel_416_read_138	138	2592	2516	10	1976	354	262	186	802
channel_464_read_198	198	4719	4683	18	3714	646	359	323	1328
channel_67_read_57	57	2404	2595	386	1784	483	137	328	948
channel_442_read_196	196	2214	2207	3	1780	290	144	137	571
channel_39_read_227	227	1994	2020	43	1607	262	125	151	538
channel_309_read_66	66	3513	3422	44	2734	468	311	220	999
channel_471_read_16	16	11853	11568	69	9374	1521	958	673	3152
channel_509_read_86	86	2749	2816	45	2320	274	155	222	651
channel_211_read_128	128	10172	9823	3	8556	840	776	427	2043
channel_217_read_137	137	3203	3579	15	2276	741	186	562	1489
channel_475_read_125	125	9230	8697	121	7395	902	933	400	2235
channel_289_read_72	72	15237	14497	12007	9444	3884	1909	1169	6962
channel_52_read_60	60	6190	6852	73	4248	1558	384	1046	2988
channel_489_read_76	76	5816	6204	1395	4007	1406	403	791	2600
channel_319_read_130	130	1397	1517	9671	938	352	107	227	686
channel_462_read_32	32	1609	1597	43	1289	217	103	91	411
channel_272_read_4	4	10206	9960	25	7356	1866	984	738	3588
channel_277_read_42	42	7982	7954	12803	5170	2023	789	761	3573
channel_284_read_110	110	4251	4080	20	3593	314	344	173	831
channel_286_read_77	77	2432	2411	16	2033	228	171	150	549
channel_445_read_247	247	3076	2987	18	2691	168	217	128	513
channel_388_read_94	94	21831	21561	52	17984	2331	1516	1246	5093
channel_388_read_97	97	2962	2871	4	2623	144	195	104	443
channel_284_read_111	111	3739	3709	46	2962	510	267	237	1014
channel_445_read_243	243	1379	1402	25	1216	101	62	85	248
channel_18_read_134	134	1692	1589	5	1412	127	153	50	330
channel_166_read_134	134	5848	5577	5	4943	409	496	225	1130
channel_129_read_95	95	9863	10202	87	7277	1907	679	1018	3604
channel_476_read_181	181	2985	2819	20	2408	289	288	122	699
channel_42_read_168	168	6065	5765	82	4832	649	584	284	1517
channel_138_read_71	71	9006	9400	55	6847	1590	569	963	3122
channel_248_read_137	137	8021	7680	73	6710	648	663	322	1633
