query	read_type	read_len	align_len	unalign_len	matches	mismatches	insertions	deletions	tot_errors
channel_1_read_20	20	1503	1972	8854	1157	331	15	484	830
channel_1_read_22	22	16388	18432	82	12439	3187	762	2806	6755
channel_1_read_23	23	5318	5579	337	3753	1168	397	658	2223
channel_1_read_28	28	8473	8980	38	6458	1484	531	1038	3053
channel_1_read_8	8	5479	6250	204	3977	1197	305	1076	2578
channel_1_read_11	11	798	1014	954	632	153	13	229	395
channel_1_read_2	2	2740	3065	52	2018	583	139	464	1186
channel_1_read_14	14	6900	7565	61	5011	1469	420	1085	2974
channel_1_read_6	6	3125	3395	24	2298	643	184	454	1281
